3.000000000000000000e+00
3.000000000000000000e+00
3.000000000000000000e+00
3.000000000000000000e+00
3.000000000000000000e+00
3.000000000000000000e+00
3.000000000000000000e+00
3.000000000000000000e+00
3.000000000000000000e+00
3.000000000000000000e+00
3.000000000000000000e+00
3.000000000000000000e+00
3.000000000000000000e+00
3.000000000000000000e+00
3.000000000000000000e+00
3.000000000000000000e+00
3.200000000000000178e+00
3.200000000000000178e+00
3.200000000000000178e+00
3.200000000000000178e+00
3.200000000000000178e+00
3.200000000000000178e+00
3.200000000000000178e+00
3.200000000000000178e+00
3.200000000000000178e+00
3.399999999999999911e+00
3.399999999999999911e+00
3.399999999999999911e+00
3.399999999999999911e+00
3.399999999999999911e+00
3.399999999999999911e+00
3.399999999999999911e+00
3.399999999999999911e+00
3.399999999999999911e+00
3.599999999999999645e+00
3.799999999999999822e+00
3.799999999999999822e+00
3.799999999999999822e+00
3.799999999999999822e+00
4.200000000000000178e+00
4.200000000000000178e+00
4.200000000000000178e+00
4.600000000000000533e+00
4.600000000000000533e+00
5.000000000000000888e+00
5.200000000000001066e+00
5.400000000000001243e+00
5.800000000000001599e+00
6.200000000000001954e+00
6.600000000000002309e+00
7.000000000000002665e+00
7.400000000000003020e+00
7.800000000000003375e+00
8.600000000000003197e+00
9.200000000000002842e+00
9.800000000000004263e+00
1.080000000000000426e+01
1.180000000000000604e+01
1.300000000000000711e+01
1.420000000000000817e+01
1.560000000000000853e+01
1.740000000000000568e+01
1.919999999999999929e+01
2.139999999999999147e+01
2.419999999999998153e+01
2.739999999999997016e+01
3.139999999999995595e+01
3.619999999999993889e+01
4.239999999999992042e+01
5.039999999999989200e+01
6.099999999999985079e+01
7.620000000000001705e+01
9.860000000000033538e+01
1.354000000000008583e+02
2.078000000000018872e+02
4.079999999999939178e+02
9.999999999999602096e+02
9.999999999999602096e+02
9.999999999999602096e+02
9.999999999999602096e+02
9.999999999999602096e+02
9.999999999999602096e+02
9.999999999999602096e+02
9.999999999999602096e+02
9.999999999999602096e+02
9.999999999999602096e+02
9.999999999999602096e+02
9.999999999999602096e+02
9.999999999999602096e+02
9.999999999999602096e+02
9.999999999999602096e+02
9.999999999999602096e+02
9.999999999999602096e+02
9.999999999999602096e+02
9.999999999999602096e+02
9.999999999999602096e+02
9.999999999999602096e+02
9.999999999999602096e+02
9.999999999999602096e+02
9.999999999999602096e+02
