3.000000000000000000e+00
3.000000000000000000e+00
3.000000000000000000e+00
3.000000000000000000e+00
3.000000000000000000e+00
3.000000000000000000e+00
3.000000000000000000e+00
3.000000000000000000e+00
3.000000000000000000e+00
3.000000000000000000e+00
3.000000000000000000e+00
3.000000000000000000e+00
3.000000000000000000e+00
3.000000000000000000e+00
3.000000000000000000e+00
3.000000000000000000e+00
3.000000000000000000e+00
3.000000000000000000e+00
3.000000000000000000e+00
3.000000000000000000e+00
3.000000000000000000e+00
3.200000000000000178e+00
3.200000000000000178e+00
3.200000000000000178e+00
3.200000000000000178e+00
3.399999999999999911e+00
3.399999999999999911e+00
3.399999999999999911e+00
3.399999999999999911e+00
3.399999999999999911e+00
3.399999999999999911e+00
3.599999999999999645e+00
3.799999999999999822e+00
3.799999999999999822e+00
3.799999999999999822e+00
4.000000000000000000e+00
4.200000000000000178e+00
4.200000000000000178e+00
4.400000000000000355e+00
4.600000000000000533e+00
4.800000000000000711e+00
5.000000000000000888e+00
5.400000000000001243e+00
5.400000000000001243e+00
5.800000000000001599e+00
6.200000000000001954e+00
6.600000000000002309e+00
7.000000000000002665e+00
7.400000000000003020e+00
7.800000000000003375e+00
8.400000000000002132e+00
9.000000000000003553e+00
9.800000000000004263e+00
1.040000000000000568e+01
1.120000000000000639e+01
1.200000000000000711e+01
1.300000000000000711e+01
1.420000000000000817e+01
1.520000000000000995e+01
1.660000000000000853e+01
1.800000000000000355e+01
1.959999999999999787e+01
2.139999999999999147e+01
2.339999999999998437e+01
2.539999999999997726e+01
2.799999999999996803e+01
3.079999999999995808e+01
3.399999999999994316e+01
3.759999999999993747e+01
4.159999999999992326e+01
4.619999999999990337e+01
5.179999999999988347e+01
5.799999999999985789e+01
6.539999999999986358e+01
7.399999999999998579e+01
8.440000000000013358e+01
9.700000000000031264e+01
1.126000000000005343e+02
1.322000000000008129e+02
1.574000000000011710e+02
1.908000000000016598e+02
2.376000000000022965e+02
3.065999999999996817e+02
4.189999999999932925e+02
6.301999999999812871e+02
9.999999999999602096e+02
9.999999999999602096e+02
9.999999999999602096e+02
9.999999999999602096e+02
9.999999999999602096e+02
9.999999999999602096e+02
9.999999999999602096e+02
9.999999999999602096e+02
9.999999999999602096e+02
9.999999999999602096e+02
9.999999999999602096e+02
9.999999999999602096e+02
9.999999999999602096e+02
9.999999999999602096e+02
9.999999999999602096e+02
