4.400000000000000355e+00
4.400000000000000355e+00
4.400000000000000355e+00
4.400000000000000355e+00
4.400000000000000355e+00
4.400000000000000355e+00
4.400000000000000355e+00
4.400000000000000355e+00
4.400000000000000355e+00
4.400000000000000355e+00
4.400000000000000355e+00
4.400000000000000355e+00
4.400000000000000355e+00
4.400000000000000355e+00
4.400000000000000355e+00
4.400000000000000355e+00
4.400000000000000355e+00
4.400000000000000355e+00
4.600000000000000533e+00
4.600000000000000533e+00
4.600000000000000533e+00
4.600000000000000533e+00
4.600000000000000533e+00
4.600000000000000533e+00
4.600000000000000533e+00
4.600000000000000533e+00
4.600000000000000533e+00
4.600000000000000533e+00
4.600000000000000533e+00
4.600000000000000533e+00
4.600000000000000533e+00
4.600000000000000533e+00
4.600000000000000533e+00
4.800000000000000711e+00
5.000000000000000888e+00
5.000000000000000888e+00
5.000000000000000888e+00
5.000000000000000888e+00
5.400000000000001243e+00
5.400000000000001243e+00
5.600000000000001421e+00
5.800000000000001599e+00
6.000000000000001776e+00
6.200000000000001954e+00
6.600000000000002309e+00
7.000000000000002665e+00
7.800000000000003375e+00
8.400000000000002132e+00
9.200000000000002842e+00
1.020000000000000462e+01
1.180000000000000604e+01
1.380000000000000782e+01
1.640000000000000924e+01
2.059999999999999432e+01
2.759999999999996945e+01
4.179999999999991900e+01
8.460000000000013642e+01
9.999999999999624833e+02
9.999999999999602096e+02
9.999999999999602096e+02
9.999999999999602096e+02
9.999999999999602096e+02
9.999999999999602096e+02
9.999999999999602096e+02
9.999999999999602096e+02
9.999999999999602096e+02
9.999999999999602096e+02
9.999999999999602096e+02
9.999999999999602096e+02
9.999999999999602096e+02
9.999999999999602096e+02
9.999999999999602096e+02
9.999999999999602096e+02
9.999999999999602096e+02
9.999999999999602096e+02
9.999999999999602096e+02
9.999999999999602096e+02
9.999999999999602096e+02
9.999999999999602096e+02
9.999999999999602096e+02
9.999999999999602096e+02
9.999999999999602096e+02
9.999999999999602096e+02
9.999999999999602096e+02
9.999999999999602096e+02
9.999999999999602096e+02
9.999999999999602096e+02
9.999999999999602096e+02
9.999999999999602096e+02
9.999999999999602096e+02
9.999999999999602096e+02
9.999999999999602096e+02
9.999999999999602096e+02
9.999999999999602096e+02
9.999999999999602096e+02
9.999999999999602096e+02
9.999999999999602096e+02
9.999999999999602096e+02
9.999999999999602096e+02
9.999999999999602096e+02
