6.000000000000000000e+00
6.000000000000000000e+00
6.000000000000000000e+00
6.000000000000000000e+00
6.000000000000000000e+00
6.000000000000000000e+00
6.000000000000000000e+00
6.000000000000000000e+00
6.000000000000000000e+00
6.000000000000000000e+00
6.000000000000000000e+00
6.000000000000000000e+00
6.000000000000000000e+00
6.000000000000000000e+00
6.000000000000000000e+00
6.000000000000000000e+00
6.000000000000000000e+00
6.000000000000000000e+00
6.000000000000000000e+00
6.000000000000000000e+00
6.000000000000000000e+00
6.000000000000000000e+00
6.000000000000000000e+00
6.000000000000000000e+00
6.000000000000000000e+00
6.000000000000000000e+00
6.000000000000000000e+00
6.000000000000000000e+00
6.000000000000000000e+00
6.000000000000000000e+00
6.000000000000000000e+00
6.000000000000000000e+00
6.000000000000000000e+00
6.000000000000000000e+00
6.200000000000000178e+00
6.200000000000000178e+00
6.400000000000000355e+00
6.400000000000000355e+00
6.400000000000000355e+00
6.600000000000000533e+00
6.800000000000000711e+00
6.800000000000000711e+00
7.000000000000000888e+00
7.200000000000001066e+00
7.400000000000001243e+00
7.600000000000001421e+00
8.000000000000001776e+00
8.400000000000002132e+00
8.800000000000002487e+00
9.200000000000002842e+00
9.600000000000003197e+00
1.020000000000000284e+01
1.080000000000000426e+01
1.160000000000000497e+01
1.240000000000000568e+01
1.360000000000000675e+01
1.460000000000000853e+01
1.600000000000000711e+01
1.720000000000000284e+01
1.879999999999999716e+01
2.079999999999999005e+01
2.279999999999998295e+01
2.519999999999997442e+01
2.799999999999996447e+01
3.079999999999995453e+01
3.439999999999994174e+01
3.819999999999993179e+01
4.239999999999991331e+01
4.759999999999989484e+01
5.299999999999987210e+01
5.919999999999985363e+01
6.639999999999986358e+01
7.439999999999997726e+01
8.360000000000010800e+01
9.400000000000025580e+01
1.056000000000004206e+02
1.186000000000006054e+02
1.336000000000008185e+02
1.502000000000010687e+02
1.692000000000013245e+02
1.906000000000016144e+02
2.148000000000019725e+02
2.420000000000023590e+02
2.728000000000016030e+02
3.077999999999996135e+02
3.471999999999973738e+02
3.915999999999948500e+02
4.419999999999919851e+02
4.985999999999887677e+02
5.629999999999852207e+02
6.351999999999810598e+02
7.167999999999764213e+02
8.093999999999712145e+02
9.137999999999651664e+02
9.999999999999603233e+02
9.999999999999603233e+02
9.999999999999603233e+02
9.999999999999603233e+02
9.999999999999603233e+02
9.999999999999603233e+02
