,MaxBenefit,x0,sigma,MassLoss,GrowthRate,OffspringNum,Symmetry,OffspringSet,dummy
0,0.22899999999999998,5.0,3.0,1.0,1.1079225920435831,8,0.9829,1.36; 1.36; 1.36; 1.36; 1.36; 1.36; 1.35; 1.37;,
1,2.188,5.0,1.0,1.0,1.7194219997249889,2,0.9995,3.12; 3.12;,
2,1.585,5.0,3.0,1.0,2.105409960123737,3,0.9971,2.46; 2.45; 2.45;,
3,0.24,5.0,10.0,1.0,1.193238650470926,16,0.0,1.0; 1.0; 1.0; 1.0; 1.0; 1.0; 1.0; 1.0; 1.0; 1.0; 1.0; 1.0; 1.0; 1.0; 1.0; 1.0;,
4,0.105,5.0,3.0,1.0,1.0387296438852864,26,0.0,1.0; 1.0; 1.0; 1.0; 1.0; 1.0; 1.0; 1.0; 1.0; 1.0; 1.0; 1.0; 1.0; 1.0; 1.0; 1.0; 1.0; 1.0; 1.0; 1.0; 1.0; 1.0; 1.0; 1.0; 1.0; 1.0;,
5,0.191,5.0,3.0,1.0,1.084508192934924,11,1.0,1.14; 1.14; 1.14; 1.14; 1.14; 1.14; 1.14; 1.14; 1.14; 1.14; 1.14;,
6,1.202,5.0,3.0,1.0,1.8146330661603864,3,0.9908,2.47; 2.47; 2.49;,
7,1.2590000000000001,5.0,3.0,1.0,1.8579135572032321,3,0.9949,2.48; 2.46; 2.48;,
8,5.754,5.0,10.0,1.0,6.258328684584957,10,1.0,1.02; 1.02; 1.02; 1.02; 1.02; 1.02; 1.02; 1.02; 1.02; 1.02;,
9,0.8320000000000001,5.0,3.0,1.0,1.5366049969183182,4,0.9932,2.02; 2.0; 2.0; 2.01;,
10,0.126,5.0,10.0,1.0,1.092576989124881,19,0.0,1.0; 1.0; 1.0; 1.0; 1.0; 1.0; 1.0; 1.0; 1.0; 1.0; 1.0; 1.0; 1.0; 1.0; 1.0; 1.0; 1.0; 1.0; 1.0;,
11,2.884,5.0,1.0,1.0,1.9765811117393317,2,0.9999,3.09; 3.09;,
12,6.31,5.0,3.0,1.0,5.688820042002082,3,0.995,2.38; 2.39; 2.38;,
13,0.55,5.0,3.0,1.0,1.3302106417966444,4,0.9925,2.08; 2.08; 2.07; 2.06;,
14,7.244,5.0,1.0,1.0,3.5147588549615185,2,0.997,3.05; 3.06;,
15,2.884,5.0,10.0,1.0,3.617438723342911,11,0.0,1.0; 1.0; 1.0; 1.0; 1.0; 1.0; 1.0; 1.0; 1.0; 1.0; 1.0;,
16,0.182,5.0,10.0,1.0,1.1416327725962998,17,0.0,1.0; 1.0; 1.0; 1.0; 1.0; 1.0; 1.0; 1.0; 1.0; 1.0; 1.0; 1.0; 1.0; 1.0; 1.0; 1.0; 1.0;,
17,7.586,5.0,1.0,1.0,3.6327500705688607,2,0.9972,3.05; 3.04;,
18,3.9810000000000003,5.0,1.0,1.0,2.372319884422814,2,0.9992,3.07; 3.07;,
19,0.501,5.0,3.0,1.0,1.294464380892125,5,0.9858,1.73; 1.74; 1.74; 1.75; 1.75;,
20,0.191,5.0,10.0,1.0,1.14959187348492,17,0.0,1.0; 1.0; 1.0; 1.0; 1.0; 1.0; 1.0; 1.0; 1.0; 1.0; 1.0; 1.0; 1.0; 1.0; 1.0; 1.0; 1.0;,
21,1.202,5.0,10.0,1.0,2.071074385348159,12,0.0,1.0; 1.0; 1.0; 1.0; 1.0; 1.0; 1.0; 1.0; 1.0; 1.0; 1.0; 1.0;,
22,3.9810000000000003,5.0,3.0,1.0,3.923126314455737,3,0.9959,2.4; 2.39; 2.38;,
23,1.905,5.0,10.0,1.0,2.7173990310494576,11,0.0,1.0; 1.0; 1.0; 1.0; 1.0; 1.0; 1.0; 1.0; 1.0; 1.0; 1.0;,
24,7.586,5.0,3.0,1.0,6.6560135808888266,3,0.9989,2.38; 2.38; 2.38;,
25,0.794,5.0,10.0,1.0,1.6972091813288663,12,0.0,1.0; 1.0; 1.0; 1.0; 1.0; 1.0; 1.0; 1.0; 1.0; 1.0; 1.0; 1.0;,
26,0.151,5.0,3.0,1.0,1.0618029326580525,16,0.0,1.02; 1.02; 1.0; 1.0; 1.0; 1.0; 1.0; 1.0; 1.0; 1.0; 1.0; 1.0; 1.0; 1.0; 1.0; 1.0;,
27,1.585,5.0,10.0,1.0,2.4231747490182136,11,0.0,1.0; 1.0; 1.0; 1.0; 1.0; 1.0; 1.0; 1.0; 1.0; 1.0; 1.0;,
28,2.884,5.0,3.0,1.0,3.0911465299165224,3,0.9967,2.41; 2.4; 2.41;,
29,0.263,5.0,3.0,1.0,1.1298532593190758,7,0.9849,1.46; 1.47; 1.46; 1.46; 1.46; 1.45; 1.46;,
30,0.316,5.0,3.0,1.0,1.165234589111784,6,0.9806,1.6; 1.6; 1.59; 1.59; 1.59; 1.61;,
31,7.244,5.0,3.0,1.0,6.396793648889076,3,0.995,2.37; 2.37; 2.38;,
32,6.31,5.0,1.0,1.0,3.1910515931726087,2,0.9957,3.06; 3.04;,
33,0.24,5.0,3.0,1.0,1.114948622767447,8,1.0,1.34; 1.34; 1.34; 1.34; 1.34; 1.34; 1.34; 1.34;,
34,0.174,5.0,3.0,1.0,1.074556537077986,12,1.0,1.12; 1.12; 1.12; 1.12; 1.12; 1.12; 1.12; 1.12; 1.12; 1.12; 1.12; 1.12;,
35,1.318,5.0,3.0,1.0,1.9027066305746438,3,0.9925,2.47; 2.46; 2.48;,
36,0.39799999999999996,5.0,10.0,1.0,1.3358113964527722,14,0.0,1.0; 1.0; 1.0; 1.0; 1.0; 1.0; 1.0; 1.0; 1.0; 1.0; 1.0; 1.0; 1.0; 1.0;,
37,1.66,5.0,10.0,1.0,2.492135696392911,11,0.0,1.0; 1.0; 1.0; 1.0; 1.0; 1.0; 1.0; 1.0; 1.0; 1.0; 1.0;,
38,0.209,5.0,10.0,1.0,1.1655768022374606,16,0.0,1.0; 1.0; 1.0; 1.0; 1.0; 1.0; 1.0; 1.0; 1.0; 1.0; 1.0; 1.0; 1.0; 1.0; 1.0; 1.0;,
39,0.603,5.0,10.0,1.0,1.5224898503516282,13,0.0,1.0; 1.0; 1.0; 1.0; 1.0; 1.0; 1.0; 1.0; 1.0; 1.0; 1.0; 1.0; 1.0;,
40,2.188,5.0,3.0,1.0,2.5630756781093686,3,0.9894,2.44; 2.43; 2.41;,
41,1.38,5.0,3.0,1.0,1.94977955548142,3,0.9949,2.45; 2.47; 2.46;,
42,0.158,5.0,10.0,1.0,1.1204775414604509,18,0.0,1.0; 1.0; 1.0; 1.0; 1.0; 1.0; 1.0; 1.0; 1.0; 1.0; 1.0; 1.0; 1.0; 1.0; 1.0; 1.0; 1.0; 1.0;,
43,5.012,5.0,1.0,1.0,2.737405817793056,2,0.9999,3.06; 3.06;,
44,9.12,5.0,1.0,1.0,4.159930283343907,2,0.9959,3.04; 3.06;,
45,0.275,5.0,3.0,1.0,1.13774944060847,7,0.9793,1.44; 1.46; 1.44; 1.45; 1.44; 1.44; 1.45;,
46,3.6310000000000002,5.0,10.0,1.0,4.304247885782613,10,0.6666,1.04; 1.04; 1.04; 1.04; 1.04; 1.04; 1.04; 1.02; 1.02; 1.02;,
47,4.169,5.0,1.0,1.0,2.439331099032143,2,0.9977,3.07; 3.08;,
48,3.9810000000000003,5.0,10.0,1.0,4.626384376981607,10,0.6666,1.04; 1.04; 1.04; 1.04; 1.04; 1.02; 1.02; 1.02; 1.02; 1.02;,
49,6.917999999999999,5.0,1.0,1.0,3.4019662968499365,2,0.9984,3.05; 3.05;,
50,9.55,5.0,10.0,1.0,9.752500607753642,10,0.0,1.02; 1.02; 1.02; 1.02; 1.0; 1.0; 1.0; 1.0; 1.0; 1.0;,
51,6.917999999999999,5.0,3.0,1.0,6.149674656168603,3,0.991,2.36; 2.38; 2.39;,
52,0.43700000000000006,5.0,10.0,1.0,1.3711477264003062,14,0.0,1.0; 1.0; 1.0; 1.0; 1.0; 1.0; 1.0; 1.0; 1.0; 1.0; 1.0; 1.0; 1.0; 1.0;,
53,4.169,5.0,3.0,1.0,4.065646399647482,3,0.9861,2.37; 2.41; 2.38;,
54,5.012,5.0,3.0,1.0,4.704840713628009,3,0.9966,2.39; 2.38; 2.38;,
55,0.2,5.0,3.0,1.0,1.0899334656433857,10,1.0,1.2; 1.2; 1.2; 1.2; 1.2; 1.2; 1.2; 1.2; 1.2; 1.2;,
56,9.12,5.0,3.0,1.0,7.818673560390144,3,0.9953,2.38; 2.37; 2.37;,
57,3.3110000000000004,5.0,10.0,1.0,4.009969727521641,11,0.0,1.0; 1.0; 1.0; 1.0; 1.0; 1.0; 1.0; 1.0; 1.0; 1.0; 1.0;,
58,5.495,5.0,1.0,1.0,2.9067218445366474,2,0.9916,3.08; 3.04;,
59,0.331,5.0,10.0,1.0,1.2750832980016216,14,0.0,1.0; 1.0; 1.0; 1.0; 1.0; 1.0; 1.0; 1.0; 1.0; 1.0; 1.0; 1.0; 1.0; 1.0;,
60,0.28800000000000003,5.0,3.0,1.0,1.1463192248119234,7,0.9695,1.43; 1.44; 1.43; 1.43; 1.43; 1.44; 1.42;,
61,6.026,5.0,1.0,1.0,3.0922247283120363,2,0.9996,3.06; 3.06;,
62,1.7380000000000002,5.0,3.0,1.0,2.2215496897470084,3,0.9904,2.42; 2.45; 2.44;,
63,0.457,5.0,10.0,1.0,1.3893353185176498,13,0.0,1.0; 1.0; 1.0; 1.0; 1.0; 1.0; 1.0; 1.0; 1.0; 1.0; 1.0; 1.0; 1.0;,
64,0.955,5.0,10.0,1.0,1.8447588947343585,12,0.0,1.0; 1.0; 1.0; 1.0; 1.0; 1.0; 1.0; 1.0; 1.0; 1.0; 1.0; 1.0;,
65,2.291,5.0,1.0,1.0,1.7578705002843016,2,0.9953,3.12; 3.1;,
66,0.6920000000000001,5.0,3.0,1.0,1.4341267538896063,4,0.9905,2.02; 2.04; 2.03; 2.03;,
67,3.3110000000000004,5.0,3.0,1.0,3.4150269964402296,3,0.9973,2.4; 2.4; 2.4;,
68,0.132,5.0,10.0,1.0,1.0977832891343478,19,0.0,1.0; 1.0; 1.0; 1.0; 1.0; 1.0; 1.0; 1.0; 1.0; 1.0; 1.0; 1.0; 1.0; 1.0; 1.0; 1.0; 1.0; 1.0; 1.0;,
69,1.2590000000000001,5.0,10.0,1.0,2.123406833846802,11,0.0,1.02; 1.02; 1.0; 1.0; 1.0; 1.0; 1.0; 1.0; 1.0; 1.0; 1.0;,
70,3.162,5.0,1.0,1.0,2.077791001532721,2,0.9983,3.09; 3.09;,
71,1.445,5.0,10.0,1.0,2.2944435345615526,11,0.0,1.0; 1.0; 1.0; 1.0; 1.0; 1.0; 1.0; 1.0; 1.0; 1.0; 1.0;,
72,0.912,5.0,3.0,1.0,1.5951553006963872,4,0.9935,2.0; 1.99; 1.99; 1.99;,
73,0.115,5.0,3.0,1.0,1.0434765753348936,23,0.0,1.0; 1.0; 1.0; 1.0; 1.0; 1.0; 1.0; 1.0; 1.0; 1.0; 1.0; 1.0; 1.0; 1.0; 1.0; 1.0; 1.0; 1.0; 1.0; 1.0; 1.0; 1.0; 1.0;,
74,3.162,5.0,3.0,1.0,3.3020112439223888,3,0.9962,2.41; 2.4; 2.41;,
75,3.3110000000000004,5.0,1.0,1.0,2.131736130634521,2,0.9962,3.09; 3.07;,
76,0.7240000000000001,5.0,10.0,1.0,1.6330472021259212,12,0.0,1.0; 1.0; 1.0; 1.0; 1.0; 1.0; 1.0; 1.0; 1.0; 1.0; 1.0; 1.0;,
77,0.759,5.0,3.0,1.0,1.4831697693667067,4,0.9883,2.01; 2.02; 2.02; 2.03;,
78,0.138,5.0,10.0,1.0,1.1029881209047556,19,0.0,1.0; 1.0; 1.0; 1.0; 1.0; 1.0; 1.0; 1.0; 1.0; 1.0; 1.0; 1.0; 1.0; 1.0; 1.0; 1.0; 1.0; 1.0; 1.0;,
79,0.11,5.0,3.0,1.0,1.0410831110427197,24,0.0,1.0; 1.0; 1.0; 1.0; 1.0; 1.0; 1.0; 1.0; 1.0; 1.0; 1.0; 1.0; 1.0; 1.0; 1.0; 1.0; 1.0; 1.0; 1.0; 1.0; 1.0; 1.0; 1.0; 1.0;,
80,8.71,5.0,10.0,1.0,8.979280215507211,10,0.0,1.02; 1.02; 1.02; 1.02; 1.02; 1.0; 1.0; 1.0; 1.0; 1.0;,
81,0.525,5.0,3.0,1.0,1.311929856377149,4,0.9933,2.08; 2.08; 2.09; 2.08;,
82,2.291,5.0,3.0,1.0,2.6412407063667214,3,0.9927,2.43; 2.42; 2.41;,
83,5.495,5.0,3.0,1.0,5.0710091129382135,3,0.9927,2.39; 2.37; 2.38;,
84,6.026,5.0,3.0,1.0,5.473518648251373,3,0.99,2.36; 2.39; 2.39;,
85,1.0,5.0,3.0,1.0,1.6612823528631884,3,0.995,2.49; 2.5; 2.5;,
86,5.247999999999999,5.0,10.0,1.0,5.792575284935936,10,1.0,1.02; 1.02; 1.02; 1.02; 1.02; 1.02; 1.02; 1.02; 1.02; 1.02;,
87,10.0,5.0,1.0,1.0,4.460988547749588,2,0.9967,3.04; 3.05;,
88,4.365,5.0,1.0,1.0,2.508954773298583,2,0.9982,3.07; 3.07;,
89,2.63,5.0,1.0,1.0,1.8833992786815712,2,0.996,3.11; 3.09;,
90,1.905,5.0,3.0,1.0,2.348312132366174,3,0.9963,2.44; 2.43; 2.42;,
91,0.6609999999999999,5.0,3.0,1.0,1.4114323086770892,4,0.9868,2.02; 2.05; 2.04; 2.04;,
92,3.802,5.0,10.0,1.0,4.4616333775146915,10,0.6666,1.04; 1.04; 1.04; 1.04; 1.04; 1.04; 1.02; 1.02; 1.02; 1.02;,
93,8.71,5.0,3.0,1.0,7.507905697029637,3,0.9908,2.37; 2.39; 2.36;,
94,0.105,5.0,10.0,1.0,1.074557051555607,21,0.0,1.0; 1.0; 1.0; 1.0; 1.0; 1.0; 1.0; 1.0; 1.0; 1.0; 1.0; 1.0; 1.0; 1.0; 1.0; 1.0; 1.0; 1.0; 1.0; 1.0; 1.0;,
95,7.943,5.0,1.0,1.0,3.7558329190506976,2,0.9982,3.05; 3.05;,
96,5.754,5.0,1.0,1.0,2.9974246599337366,2,0.9957,3.05; 3.07;,
97,0.12,5.0,10.0,1.0,1.087402167955565,20,0.0,1.0; 1.0; 1.0; 1.0; 1.0; 1.0; 1.0; 1.0; 1.0; 1.0; 1.0; 1.0; 1.0; 1.0; 1.0; 1.0; 1.0; 1.0; 1.0; 1.0;,
98,2.089,5.0,10.0,1.0,2.8865686626885783,11,0.0,1.0; 1.0; 1.0; 1.0; 1.0; 1.0; 1.0; 1.0; 1.0; 1.0; 1.0;,
99,2.512,5.0,10.0,1.0,3.275455645531655,11,0.0,1.0; 1.0; 1.0; 1.0; 1.0; 1.0; 1.0; 1.0; 1.0; 1.0; 1.0;,
100,0.1,5.0,10.0,1.0,1.0703061621435934,21,0.0,1.0; 1.0; 1.0; 1.0; 1.0; 1.0; 1.0; 1.0; 1.0; 1.0; 1.0; 1.0; 1.0; 1.0; 1.0; 1.0; 1.0; 1.0; 1.0; 1.0; 1.0;,
101,4.365,5.0,10.0,1.0,4.979823424316246,10,0.6666,1.04; 1.04; 1.04; 1.02; 1.02; 1.02; 1.02; 1.02; 1.02; 1.02;,
102,0.251,5.0,3.0,1.0,1.1219865603092782,8,0.9687,1.33; 1.32; 1.32; 1.32; 1.33; 1.33; 1.32; 1.34;,
103,0.263,5.0,10.0,1.0,1.2138614741163172,15,0.0,1.0; 1.0; 1.0; 1.0; 1.0; 1.0; 1.0; 1.0; 1.0; 1.0; 1.0; 1.0; 1.0; 1.0; 1.0;,
104,1.148,5.0,3.0,1.0,1.7736398041567316,3,0.9961,2.48; 2.49; 2.49;,
105,5.754,5.0,3.0,1.0,5.267347808204633,3,0.9991,2.38; 2.38; 2.38;,
106,0.28800000000000003,5.0,10.0,1.0,1.2363557519732271,15,0.0,1.0; 1.0; 1.0; 1.0; 1.0; 1.0; 1.0; 1.0; 1.0; 1.0; 1.0; 1.0; 1.0; 1.0; 1.0;,
107,0.138,5.0,3.0,1.0,1.0549616068985503,18,0.0,1.0; 1.0; 1.0; 1.0; 1.0; 1.0; 1.0; 1.0; 1.0; 1.0; 1.0; 1.0; 1.0; 1.0; 1.0; 1.0; 1.0; 1.0;,
108,7.943,5.0,3.0,1.0,6.926614267596339,3,0.9968,2.38; 2.37; 2.37;,
109,0.43700000000000006,5.0,3.0,1.0,1.2493344524220746,5,0.9852,1.77; 1.76; 1.76; 1.77; 1.78;,
110,0.126,5.0,3.0,1.0,1.0488670464931211,20,0.0,1.0; 1.0; 1.0; 1.0; 1.0; 1.0; 1.0; 1.0; 1.0; 1.0; 1.0; 1.0; 1.0; 1.0; 1.0; 1.0; 1.0; 1.0; 1.0; 1.0;,
111,2.63,5.0,3.0,1.0,2.8984532652102883,3,0.9948,2.41; 2.42; 2.41;,
112,2.7539999999999996,5.0,10.0,1.0,3.4979299924899854,11,0.0,1.0; 1.0; 1.0; 1.0; 1.0; 1.0; 1.0; 1.0; 1.0; 1.0; 1.0;,
113,0.479,5.0,10.0,1.0,1.4094041744531212,13,0.0,1.0; 1.0; 1.0; 1.0; 1.0; 1.0; 1.0; 1.0; 1.0; 1.0; 1.0; 1.0; 1.0;,
114,4.365,5.0,3.0,1.0,4.21429148817084,3,0.9927,2.4; 2.39; 2.38;,
115,8.71,5.0,1.0,1.0,4.018958814085209,2,0.9909,3.06; 3.03;,
116,0.158,5.0,3.0,1.0,1.0655948534177124,15,1.0,1.02; 1.02; 1.02; 1.02; 1.02; 1.02; 1.02; 1.02; 1.02; 1.02; 1.02; 1.02; 1.02; 1.02; 1.02;,
117,0.871,5.0,3.0,1.0,1.5651483062237606,4,0.9876,1.99; 2.0; 2.01; 1.99;,
118,0.457,5.0,3.0,1.0,1.2634323459432646,5,0.9889,1.75; 1.77; 1.77; 1.77; 1.75;,
119,10.0,5.0,3.0,1.0,8.485608833444418,3,0.9986,2.37; 2.37; 2.37;,
120,1.318,5.0,10.0,1.0,2.177660658127333,11,0.0,1.0; 1.0; 1.0; 1.0; 1.0; 1.0; 1.0; 1.0; 1.0; 1.0; 1.0;,
121,1.66,5.0,3.0,1.0,2.162345940863942,3,0.9962,2.45; 2.44; 2.45;,
122,2.512,5.0,1.0,1.0,1.8398710994363665,2,0.9966,3.11; 3.09;,
123,3.02,5.0,1.0,1.0,2.026173765799028,2,0.9972,3.09; 3.1;,
124,9.55,5.0,3.0,1.0,8.14454273289822,3,0.9969,2.36; 2.36; 2.37;,
125,0.251,5.0,10.0,1.0,1.2030617439939713,15,0.0,1.0; 1.0; 1.0; 1.0; 1.0; 1.0; 1.0; 1.0; 1.0; 1.0; 1.0; 1.0; 1.0; 1.0; 1.0;,
126,4.571000000000001,5.0,3.0,1.0,4.3704780843807765,3,0.9912,2.38; 2.4; 2.38;,
127,6.026,5.0,10.0,1.0,6.508695293778043,10,0.0,1.02; 1.02; 1.02; 1.02; 1.02; 1.02; 1.02; 1.02; 1.02; 1.0;,
128,0.174,5.0,10.0,1.0,1.1345564077844523,17,0.0,1.0; 1.0; 1.0; 1.0; 1.0; 1.0; 1.0; 1.0; 1.0; 1.0; 1.0; 1.0; 1.0; 1.0; 1.0; 1.0; 1.0;,
129,1.38,5.0,10.0,1.0,2.2346734490758102,11,0.0,1.0; 1.0; 1.0; 1.0; 1.0; 1.0; 1.0; 1.0; 1.0; 1.0; 1.0;,
130,0.41700000000000004,5.0,10.0,1.0,1.3530276555603118,14,0.0,1.0; 1.0; 1.0; 1.0; 1.0; 1.0; 1.0; 1.0; 1.0; 1.0; 1.0; 1.0; 1.0; 1.0;,
131,0.575,5.0,3.0,1.0,1.3484992252017804,4,0.9934,2.06; 2.06; 2.07; 2.07;,
132,2.188,5.0,10.0,1.0,2.977586970223642,11,0.0,1.0; 1.0; 1.0; 1.0; 1.0; 1.0; 1.0; 1.0; 1.0; 1.0; 1.0;,
133,1.0,5.0,10.0,1.0,1.885994517696799,12,0.0,1.0; 1.0; 1.0; 1.0; 1.0; 1.0; 1.0; 1.0; 1.0; 1.0; 1.0; 1.0;,
134,0.209,5.0,3.0,1.0,1.0954286136084663,9,1.0,1.28; 1.28; 1.28; 1.28; 1.28; 1.28; 1.28; 1.28; 1.28;,
135,4.571000000000001,5.0,1.0,1.0,2.581885097302691,2,0.9954,3.08; 3.06;,
136,0.145,5.0,3.0,1.0,1.0586152207947912,17,0.0,1.0; 1.0; 1.0; 1.0; 1.0; 1.0; 1.0; 1.0; 1.0; 1.0; 1.0; 1.0; 1.0; 1.0; 1.0; 1.0; 1.0;,
137,3.162,5.0,10.0,1.0,3.872999002576384,11,0.0,1.0; 1.0; 1.0; 1.0; 1.0; 1.0; 1.0; 1.0; 1.0; 1.0; 1.0;,
138,2.089,5.0,3.0,1.0,2.487955755293085,3,0.9940000000000001,2.41; 2.43; 2.43;,
139,0.34700000000000003,5.0,3.0,1.0,1.1863243972435829,6,0.983,1.56; 1.57; 1.57; 1.57; 1.58; 1.58;,
140,2.512,5.0,3.0,1.0,2.808907584241302,3,0.986,2.42; 2.43; 2.39;,
141,3.02,5.0,3.0,1.0,3.1943065250296123,3,0.9955,2.4; 2.41; 2.41;,
142,0.302,5.0,3.0,1.0,1.1557265115167217,6,0.9907,1.61; 1.6; 1.61; 1.61; 1.62; 1.62;,
143,9.55,5.0,1.0,1.0,4.3066301265968105,2,0.9903,3.07; 3.03;,
144,1.514,5.0,3.0,1.0,2.051511295873257,3,0.9945,2.45; 2.46; 2.44;,
145,0.479,5.0,3.0,1.0,1.2789463513629626,5,0.9865,1.76; 1.75; 1.76; 1.75; 1.74;,
146,0.759,5.0,10.0,1.0,1.6651290186583214,12,0.0,1.0; 1.0; 1.0; 1.0; 1.0; 1.0; 1.0; 1.0; 1.0; 1.0; 1.0; 1.0;,
147,3.802,5.0,3.0,1.0,3.787389328963319,3,0.9964,2.4; 2.39; 2.39;,
148,1.514,5.0,10.0,1.0,2.3578903387823655,11,0.0,1.0; 1.0; 1.0; 1.0; 1.0; 1.0; 1.0; 1.0; 1.0; 1.0; 1.0;,
149,0.145,5.0,10.0,1.0,1.1090868255208874,18,0.0,1.0; 1.0; 1.0; 1.0; 1.0; 1.0; 1.0; 1.0; 1.0; 1.0; 1.0; 1.0; 1.0; 1.0; 1.0; 1.0; 1.0; 1.0;,
150,0.331,5.0,3.0,1.0,1.1754334885341398,6,0.9789,1.6; 1.57; 1.58; 1.58; 1.59; 1.59;,
151,0.275,5.0,10.0,1.0,1.224659585161234,15,0.0,1.0; 1.0; 1.0; 1.0; 1.0; 1.0; 1.0; 1.0; 1.0; 1.0; 1.0; 1.0; 1.0; 1.0; 1.0;,
152,1.995,5.0,3.0,1.0,2.416623435269292,3,0.9974,2.43; 2.42; 2.43;,
153,0.22899999999999998,5.0,10.0,1.0,1.1834249775760537,16,0.0,1.0; 1.0; 1.0; 1.0; 1.0; 1.0; 1.0; 1.0; 1.0; 1.0; 1.0; 1.0; 1.0; 1.0; 1.0; 1.0;,
154,2.399,5.0,1.0,1.0,1.7980169950755458,2,0.997,3.11; 3.12;,
155,0.6920000000000001,5.0,10.0,1.0,1.603713729765358,12,0.0,1.0; 1.0; 1.0; 1.0; 1.0; 1.0; 1.0; 1.0; 1.0; 1.0; 1.0; 1.0;,
156,0.182,5.0,3.0,1.0,1.0791865819487216,12,0.8889,1.1; 1.1; 1.1; 1.1; 1.1; 1.1; 1.1; 1.1; 1.1; 1.1; 1.08; 1.08;,
157,0.38,5.0,3.0,1.0,1.2091929166696946,5,0.9965,1.8; 1.81; 1.8; 1.81; 1.8;,
158,0.631,5.0,3.0,1.0,1.3894753599000986,4,0.9889,2.05; 2.05; 2.06; 2.04;,
159,4.169,5.0,10.0,1.0,4.7994212265573,10,0.6666,1.04; 1.04; 1.04; 1.04; 1.02; 1.02; 1.02; 1.02; 1.02; 1.02;,
160,0.12,5.0,3.0,1.0,1.0459055656134058,22,0.0,1.0; 1.0; 1.0; 1.0; 1.0; 1.0; 1.0; 1.0; 1.0; 1.0; 1.0; 1.0; 1.0; 1.0; 1.0; 1.0; 1.0; 1.0; 1.0; 1.0; 1.0; 1.0;,
161,0.2,5.0,10.0,1.0,1.1575490865094833,17,0.0,1.0; 1.0; 1.0; 1.0; 1.0; 1.0; 1.0; 1.0; 1.0; 1.0; 1.0; 1.0; 1.0; 1.0; 1.0; 1.0; 1.0;,
162,2.63,5.0,10.0,1.0,3.3839356095917617,11,0.0,1.0; 1.0; 1.0; 1.0; 1.0; 1.0; 1.0; 1.0; 1.0; 1.0; 1.0;,
163,2.399,5.0,3.0,1.0,2.7231946471946102,3,0.9955,2.42; 2.42; 2.41;,
164,0.115,5.0,10.0,1.0,1.0831081472505315,20,0.0,1.0; 1.0; 1.0; 1.0; 1.0; 1.0; 1.0; 1.0; 1.0; 1.0; 1.0; 1.0; 1.0; 1.0; 1.0; 1.0; 1.0; 1.0; 1.0; 1.0;,
165,0.11,5.0,10.0,1.0,1.0788128609063126,20,0.0,1.0; 1.0; 1.0; 1.0; 1.0; 1.0; 1.0; 1.0; 1.0; 1.0; 1.0; 1.0; 1.0; 1.0; 1.0; 1.0; 1.0; 1.0; 1.0; 1.0;,
166,1.0959999999999999,5.0,3.0,1.0,1.7341580098982925,3,0.9913,2.48; 2.5; 2.48;,
167,0.7240000000000001,5.0,3.0,1.0,1.4575434675327719,4,0.9804,2.04; 2.05; 2.01; 2.01;,
168,1.047,5.0,3.0,1.0,1.6969605752809356,3,0.9951,2.5; 2.48; 2.5;,
169,9.12,5.0,10.0,1.0,9.356685458001074,10,0.0,1.02; 1.02; 1.02; 1.02; 1.02; 1.0; 1.0; 1.0; 1.0; 1.0;,
170,6.607,5.0,10.0,1.0,7.043490252884848,10,0.0,1.02; 1.02; 1.02; 1.02; 1.02; 1.02; 1.02; 1.02; 1.0; 1.0;,
171,3.802,5.0,1.0,1.0,2.308331692394259,2,0.9976,3.09; 3.08;,
172,1.148,5.0,10.0,1.0,2.0216008627750166,12,0.0,1.0; 1.0; 1.0; 1.0; 1.0; 1.0; 1.0; 1.0; 1.0; 1.0; 1.0; 1.0;,
173,0.316,5.0,10.0,1.0,1.2615413750792412,15,0.0,1.0; 1.0; 1.0; 1.0; 1.0; 1.0; 1.0; 1.0; 1.0; 1.0; 1.0; 1.0; 1.0; 1.0; 1.0;,
174,1.0959999999999999,5.0,10.0,1.0,1.9739575289374671,12,0.0,1.0; 1.0; 1.0; 1.0; 1.0; 1.0; 1.0; 1.0; 1.0; 1.0; 1.0; 1.0;,
175,5.012,5.0,10.0,1.0,5.5753479029805435,10,0.6666,1.04; 1.02; 1.02; 1.02; 1.02; 1.02; 1.02; 1.02; 1.02; 1.02;,
176,1.82,5.0,3.0,1.0,2.2837962117148543,3,0.9949,2.44; 2.44; 2.43;,
177,0.166,5.0,10.0,1.0,1.1274845588030615,18,0.0,1.0; 1.0; 1.0; 1.0; 1.0; 1.0; 1.0; 1.0; 1.0; 1.0; 1.0; 1.0; 1.0; 1.0; 1.0; 1.0; 1.0; 1.0;,
178,0.363,5.0,10.0,1.0,1.3040913988498544,14,0.0,1.0; 1.0; 1.0; 1.0; 1.0; 1.0; 1.0; 1.0; 1.0; 1.0; 1.0; 1.0; 1.0; 1.0;,
179,0.8320000000000001,5.0,10.0,1.0,1.7320372968035032,12,0.0,1.0; 1.0; 1.0; 1.0; 1.0; 1.0; 1.0; 1.0; 1.0; 1.0; 1.0; 1.0;,
180,2.7539999999999996,5.0,3.0,1.0,2.9925206854029804,3,0.9947,2.4; 2.42; 2.41;,
181,1.047,5.0,10.0,1.0,1.9290607730221037,12,0.0,1.0; 1.0; 1.0; 1.0; 1.0; 1.0; 1.0; 1.0; 1.0; 1.0; 1.0; 1.0;,
182,3.467,5.0,1.0,1.0,2.1880587444259096,2,0.9982,3.08; 3.08;,
183,0.21899999999999997,5.0,10.0,1.0,1.1745017277467291,16,0.0,1.0; 1.0; 1.0; 1.0; 1.0; 1.0; 1.0; 1.0; 1.0; 1.0; 1.0; 1.0; 1.0; 1.0; 1.0; 1.0;,
184,5.247999999999999,5.0,1.0,1.0,2.820366504333359,2,0.9982,3.06; 3.06;,
185,5.495,5.0,10.0,1.0,6.019929580096184,10,1.0,1.02; 1.02; 1.02; 1.02; 1.02; 1.02; 1.02; 1.02; 1.02; 1.02;,
186,0.525,5.0,10.0,1.0,1.4513609747903926,13,0.0,1.0; 1.0; 1.0; 1.0; 1.0; 1.0; 1.0; 1.0; 1.0; 1.0; 1.0; 1.0; 1.0;,
187,8.318,5.0,3.0,1.0,7.2107673718411815,3,0.9865,2.39; 2.35; 2.38;,
188,0.363,5.0,3.0,1.0,1.1972362023077283,5,0.9869,1.82; 1.83; 1.8; 1.82; 1.82;,
189,4.7860000000000005,5.0,1.0,1.0,2.6578098493142117,2,0.9964,3.06; 3.08;,
190,1.445,5.0,3.0,1.0,1.9991299868637968,3,0.9958,2.46; 2.45; 2.46;,
191,3.6310000000000002,5.0,3.0,1.0,3.6577095993404813,3,0.9949,2.39; 2.4; 2.41;,
192,0.38,5.0,10.0,1.0,1.319499219790753,14,0.0,1.0; 1.0; 1.0; 1.0; 1.0; 1.0; 1.0; 1.0; 1.0; 1.0; 1.0; 1.0; 1.0; 1.0;,
193,0.912,5.0,10.0,1.0,1.8053540460329236,12,0.0,1.0; 1.0; 1.0; 1.0; 1.0; 1.0; 1.0; 1.0; 1.0; 1.0; 1.0; 1.0;,
194,3.02,5.0,10.0,1.0,3.742461742986888,11,0.0,1.0; 1.0; 1.0; 1.0; 1.0; 1.0; 1.0; 1.0; 1.0; 1.0; 1.0;,
195,0.871,5.0,10.0,1.0,1.7677801253682548,12,0.0,1.0; 1.0; 1.0; 1.0; 1.0; 1.0; 1.0; 1.0; 1.0; 1.0; 1.0; 1.0;,
196,8.318,5.0,1.0,1.0,3.884775447618228,2,0.9989,3.05; 3.05;,
197,0.39799999999999996,5.0,3.0,1.0,1.2218613090680743,5,0.9896,1.8; 1.79; 1.79; 1.78; 1.79;,
198,0.603,5.0,3.0,1.0,1.3689852694756377,4,0.9901,2.05; 2.05; 2.07; 2.06;,
199,2.399,5.0,10.0,1.0,3.1715708442767827,11,0.0,1.0; 1.0; 1.0; 1.0; 1.0; 1.0; 1.0; 1.0; 1.0; 1.0; 1.0;,
200,3.6310000000000002,5.0,1.0,1.0,2.2470446820194048,2,0.9975,3.09; 3.08;,
201,1.82,5.0,10.0,1.0,2.639247898136573,11,0.0,1.0; 1.0; 1.0; 1.0; 1.0; 1.0; 1.0; 1.0; 1.0; 1.0; 1.0;,
202,4.7860000000000005,5.0,3.0,1.0,4.533499007842622,3,0.9994,2.38; 2.38; 2.38;,
203,3.467,5.0,3.0,1.0,3.5333379697955785,3,0.9961,2.4; 2.4; 2.39;,
204,2.7539999999999996,5.0,1.0,1.0,1.928949659242728,2,0.9948,3.11; 3.09;,
205,5.247999999999999,5.0,3.0,1.0,4.883754467414893,3,0.9968,2.39; 2.38; 2.39;,
206,0.1,5.0,3.0,1.0,1.0364118180305293,27,0.0,1.0; 1.0; 1.0; 1.0; 1.0; 1.0; 1.0; 1.0; 1.0; 1.0; 1.0; 1.0; 1.0; 1.0; 1.0; 1.0; 1.0; 1.0; 1.0; 1.0; 1.0; 1.0; 1.0; 1.0; 1.0; 1.0; 1.0;,
207,0.575,5.0,10.0,1.0,1.4969585021369711,13,0.0,1.0; 1.0; 1.0; 1.0; 1.0; 1.0; 1.0; 1.0; 1.0; 1.0; 1.0; 1.0; 1.0;,
208,0.21899999999999997,5.0,3.0,1.0,1.1016418373766044,9,1.0,1.26; 1.26; 1.26; 1.26; 1.26; 1.26; 1.26; 1.26; 1.26;,
209,1.7380000000000002,5.0,10.0,1.0,2.563853617989809,11,0.0,1.0; 1.0; 1.0; 1.0; 1.0; 1.0; 1.0; 1.0; 1.0; 1.0; 1.0;,
210,0.55,5.0,10.0,1.0,1.4741607006303037,13,0.0,1.0; 1.0; 1.0; 1.0; 1.0; 1.0; 1.0; 1.0; 1.0; 1.0; 1.0; 1.0; 1.0;,
211,3.467,5.0,10.0,1.0,4.153373860256112,11,0.0,1.0; 1.0; 1.0; 1.0; 1.0; 1.0; 1.0; 1.0; 1.0; 1.0; 1.0;,
212,0.151,5.0,10.0,1.0,1.1143447480039088,18,0.0,1.0; 1.0; 1.0; 1.0; 1.0; 1.0; 1.0; 1.0; 1.0; 1.0; 1.0; 1.0; 1.0; 1.0; 1.0; 1.0; 1.0; 1.0;,
213,0.34700000000000003,5.0,10.0,1.0,1.2895882044842386,14,0.0,1.0; 1.0; 1.0; 1.0; 1.0; 1.0; 1.0; 1.0; 1.0; 1.0; 1.0; 1.0; 1.0; 1.0;,
214,6.607,5.0,3.0,1.0,5.9139472828290245,3,0.9944,2.37; 2.37; 2.38;,
215,4.7860000000000005,5.0,10.0,1.0,5.3673263446575215,10,0.6666,1.04; 1.04; 1.02; 1.02; 1.02; 1.02; 1.02; 1.02; 1.02; 1.02;,
216,0.41700000000000004,5.0,3.0,1.0,1.2352417132790308,5,0.9887,1.78; 1.79; 1.77; 1.79; 1.77;,
217,0.501,5.0,10.0,1.0,1.4294713517540272,13,0.0,1.0; 1.0; 1.0; 1.0; 1.0; 1.0; 1.0; 1.0; 1.0; 1.0; 1.0; 1.0; 1.0;,
218,0.166,5.0,3.0,1.0,1.0700228149740496,14,0.6666,1.04; 1.04; 1.04; 1.04; 1.04; 1.04; 1.04; 1.04; 1.04; 1.04; 1.04; 1.04; 1.04; 1.02;,
219,1.995,5.0,10.0,1.0,2.8001457865048636,11,0.0,1.0; 1.0; 1.0; 1.0; 1.0; 1.0; 1.0; 1.0; 1.0; 1.0; 1.0;,
220,7.943,5.0,10.0,1.0,8.27325986117608,10,0.0,1.02; 1.02; 1.02; 1.02; 1.02; 1.02; 1.0; 1.0; 1.0; 1.0;,
221,6.917999999999999,5.0,10.0,1.0,7.329758729474081,10,0.0,1.02; 1.02; 1.02; 1.02; 1.02; 1.02; 1.02; 1.02; 1.0; 1.0;,
222,2.291,5.0,10.0,1.0,3.0722812626166247,11,0.0,1.0; 1.0; 1.0; 1.0; 1.0; 1.0; 1.0; 1.0; 1.0; 1.0; 1.0;,
223,0.631,5.0,10.0,1.0,1.5480189829349562,13,0.0,1.0; 1.0; 1.0; 1.0; 1.0; 1.0; 1.0; 1.0; 1.0; 1.0; 1.0; 1.0; 1.0;,
224,0.794,5.0,3.0,1.0,1.5087903951417931,4,0.992,2.01; 2.02; 2.0; 2.01;,
225,7.586,5.0,10.0,1.0,7.944643562725662,10,0.0,1.02; 1.02; 1.02; 1.02; 1.02; 1.02; 1.02; 1.0; 1.0; 1.0;,
226,7.244,5.0,10.0,1.0,7.629837468514338,10,0.0,1.02; 1.02; 1.02; 1.02; 1.02; 1.02; 1.02; 1.0; 1.0; 1.0;,
227,0.955,5.0,3.0,1.0,1.6271265035923514,3,0.9969,2.5; 2.5; 2.51;,
228,10.0,5.0,10.0,1.0,10.166728817152663,10,0.0,1.02; 1.02; 1.02; 1.02; 1.0; 1.0; 1.0; 1.0; 1.0; 1.0;,
229,4.571000000000001,5.0,10.0,1.0,5.1694316901009865,10,0.6666,1.04; 1.04; 1.02; 1.02; 1.02; 1.02; 1.02; 1.02; 1.02; 1.02;,
230,0.6609999999999999,5.0,10.0,1.0,1.5753692771431749,13,0.0,1.0; 1.0; 1.0; 1.0; 1.0; 1.0; 1.0; 1.0; 1.0; 1.0; 1.0; 1.0; 1.0;,
231,6.31,5.0,10.0,1.0,6.770108427250209,10,0.0,1.02; 1.02; 1.02; 1.02; 1.02; 1.02; 1.02; 1.02; 1.02; 1.0;,
232,0.132,5.0,3.0,1.0,1.0518883585070211,19,0.0,1.0; 1.0; 1.0; 1.0; 1.0; 1.0; 1.0; 1.0; 1.0; 1.0; 1.0; 1.0; 1.0; 1.0; 1.0; 1.0; 1.0; 1.0; 1.0;,
233,0.302,5.0,10.0,1.0,1.248949592108482,15,0.0,1.0; 1.0; 1.0; 1.0; 1.0; 1.0; 1.0; 1.0; 1.0; 1.0; 1.0; 1.0; 1.0; 1.0; 1.0;,
234,6.607,5.0,1.0,1.0,3.2942060998560065,2,0.9957,3.06; 3.05;,
235,8.318,5.0,10.0,1.0,8.618444889033551,10,0.0,1.02; 1.02; 1.02; 1.02; 1.02; 1.02; 1.0; 1.0; 1.0; 1.0;,
