2.263713050711956866e-04
2.663818567774195152e-04
3.134620932562677000e-04
3.688584337329548369e-04
4.340397648392137144e-04
5.107314338865488138e-04
6.009632898609460492e-04
7.071217373258360285e-04
8.320117640144340885e-04
9.789304697500364298e-04
1.151754142186766326e-03
1.355033320764562326e-03
1.594114023952154270e-03
1.875273980357925266e-03
2.205878109774534607e-03
2.594566066701076059e-03
3.051466173528108623e-03
3.588443044446824881e-03
4.219383441343978018e-03
4.960529630715568294e-03
5.830850248936170557e-03
6.852475939649023753e-03
8.051181642760814328e-03
9.456931785354075193e-03
1.110448737278811604e-02
1.303406590360120521e-02
1.529206150402710393e-02
1.793179309737642432e-02
2.101427943249602887e-02
2.460899185027207170e-02
2.879454497374231425e-02
3.365924864319627674e-02
3.930143611719340291e-02
4.582944292672857384e-02
5.336361074969162011e-02
6.203311138624506560e-02
7.197618267603682340e-02
8.332874287999787744e-02
9.622576141493131840e-02
1.108004564602917963e-01
1.272009093370164989e-01
1.455252622459419221e-01
1.658344857939327011e-01
1.882220203429185168e-01
2.126437006117196105e-01
2.391082435201096756e-01
2.674825698434345478e-01
2.976191580483613652e-01
3.293220512760064445e-01
3.623358124264904334e-01
3.963520561630590189e-01
4.310313190396513061e-01
4.660570984679119899e-01
5.010589442306545571e-01
5.357008386987720527e-01
5.696735152721581485e-01
6.026961012840725829e-01
6.345265304889681213e-01
6.649689639735525404e-01
6.938660421529554423e-01
7.211145391822104678e-01
7.466456212994003749e-01
7.704312461286111358e-01
7.924738828365716081e-01
8.128055626106660547e-01
8.314765090209825793e-01
8.485554856542991686e-01
8.641233749136520981e-01
8.782684201450497996e-01
8.910840082613167290e-01
9.026653385234196803e-01
9.131072920244802660e-01
9.225025142443010751e-01
9.309405567020166972e-01
9.385064633704335302e-01
9.452805356686158067e-01
9.513377458308968082e-01
9.567477198959366547e-01
9.615746375852318728e-01
9.658774138089583072e-01
9.697098384492758294e-01
9.731208794965356956e-01
9.761549196872130185e-01
9.788520979335768590e-01
9.812486083524262215e-01
9.833770163701452960e-01
9.852665651332004337e-01
9.869434745279566101e-01
9.884312086793278773e-01
9.897507466339461324e-01
9.909208161144826832e-01
9.919581238512662491e-01
9.928775593167620261e-01
9.936923761059637261e-01
9.944133747733102657e-01
9.950337774943280866e-01
9.955615755691612501e-01
9.960105131939822609e-01
9.963923177240632256e-01
9.967169888506229869e-01
