2.699940046240558215e-04
3.177093880730842506e-04
3.738525301480705556e-04
4.399101177971590252e-04
5.176313732772421829e-04
6.090708526843948475e-04
7.166455734162694574e-04
8.431963298241717131e-04
9.920611089023179639e-04
1.167161724401734020e-03
1.373104021404398861e-03
1.615295101054033296e-03
1.900082580165977746e-03
2.234910563276197061e-03
2.628507260928102454e-03
3.091098051766062380e-03
3.634653235901313083e-03
4.273172965546644803e-03
5.023064686409758721e-03
5.903498802802870267e-03
6.936669067706926345e-03
8.148471105154625471e-03
9.568962763173712027e-03
1.123294559881271408e-02
1.318060145721928339e-02
1.545815894276936567e-02
1.811858544937015869e-02
2.122227595309388384e-02
2.483769226985182987e-02
2.904190128973634794e-02
3.392093543198403116e-02
3.956986737696134571e-02
4.609247977013503084e-02
5.360372844810142728e-02
6.223178526654364606e-02
7.211244154259570383e-02
8.335898236327569932e-02
9.609394908053484063e-02
1.104571483296389323e-01
1.265955330556969294e-01
1.445443979019685188e-01
1.644588105504552478e-01
1.863177842912568383e-01
2.102018351460953338e-01
2.360693405850766702e-01
2.638503361812111203e-01
2.934675687220711371e-01
3.247624323914117817e-01
3.575731390786042185e-01
3.916894934083645086e-01
4.268726005685984926e-01
4.628765702862001064e-01
4.994464043362323302e-01
5.363206825504549524e-01
5.732446198205993770e-01
6.099774576610362820e-01
6.462935060404123577e-01
6.819823469190501308e-01
7.160919769368290222e-01
7.478773259284978714e-01
7.771916051131522174e-01
8.039698122109861789e-01
8.282186733947194401e-01
8.500040731958716789e-01
8.694376123749162355e-01
8.866635412271115513e-01
9.018469757690186217e-01
9.151638702735696018e-01
9.267929601854134614e-01
9.369096289996152738e-01
9.456815079250666667e-01
9.532655685847316596e-01
9.598064070993157504e-01
9.654354646264220463e-01
9.702709266762385987e-01
9.744181084850390695e-01
9.779701541474929982e-01
9.810089324312913917e-01
9.836060264765853489e-01
9.858237465928509913e-01
9.877161377559549038e-01
9.893299220793092541e-01
9.907053910430070331e-01
9.918772105058630828e-01
9.928751480806963237e-01
9.937247284324233210e-01
9.944478062131496543e-01
9.950630719499498067e-01
9.955864950277767411e-01
9.960317072577475894e-01
9.964103415922913598e-01
9.967323142897188681e-01
9.970060746007571861e-01
9.972388214645273585e-01
9.974366843247239878e-01
9.976048814027145273e-01
9.977478515753991362e-01
9.978693732232387648e-01
9.979726597791609422e-01
9.980604445857255147e-01
