1.388660943267292511e-03
1.633390959927928567e-03
1.921084884205094111e-03
2.259221222550223968e-03
2.656557109779029112e-03
3.123335942624055721e-03
3.671525507345699008e-03
4.315096229088554586e-03
5.070323448552637585e-03
5.956143930920025642e-03
6.994536766880304901e-03
8.210955325006548400e-03
9.634789983699734023e-03
1.129985629596156477e-02
1.324490914509219089e-02
1.551414318244296112e-02
1.815766718814707317e-02
2.123190559658259813e-02
2.479986462807801800e-02
2.893120077192674194e-02
3.370198724578768457e-02
3.920223745237551294e-02
4.553901551682756205e-02
5.279012047629860760e-02
6.105058699590035221e-02
7.047901313725225825e-02
8.114359038206503394e-02
9.311665661071789890e-02
1.064658849153844733e-01
1.212348938256813113e-01
1.374356673413980601e-01
1.551114556075930684e-01
1.744360934280453357e-01
1.954120574187279136e-01
2.176526339058845183e-01
2.410006072560102464e-01
2.658465920478909061e-01
2.917301391364850449e-01
3.182243800199429096e-01
3.457608573342599301e-01
3.734695636766983129e-01
4.017879554055603375e-01
4.299533820375074922e-01
4.581907627482307843e-01
4.862594069833289234e-01
5.138463561657211631e-01
5.408893355206016995e-01
5.672932658075536816e-01
5.929481380973207205e-01
6.177418274139994114e-01
6.416200173163726372e-01
6.646022475003865448e-01
6.865353392894038009e-01
7.074844850233810156e-01
7.274126686673201281e-01
7.463206822075711955e-01
7.642298612718836370e-01
7.811245883986361882e-01
7.970607461933669757e-01
8.120587570001623900e-01
8.261403424663416040e-01
8.393510422387997494e-01
8.517259955127187698e-01
8.632987551817918881e-01
8.741106141279486597e-01
8.842010492170756519e-01
8.936085097289867551e-01
9.023707965611893478e-01
9.105251557454665523e-01
9.181077449030360382e-01
9.251534716544538295e-01
9.316957923118317497e-01
9.377666461491896976e-01
9.433969229972147819e-01
9.486154081593092258e-01
9.534498048993504948e-01
9.579260795179539434e-01
9.620687086200405691e-01
9.659007838047272143e-01
9.694439658757707523e-01
9.727185454305982137e-01
9.757435139166352744e-01
9.785366152835675013e-01
9.811144121501516047e-01
9.834923346679420586e-01
9.856809388652661985e-01
9.875943164298208732e-01
9.892260641395244081e-01
9.906168910901629321e-01
9.918018268207566823e-01
9.928109618846409079e-01
9.936700928905963792e-01
9.944013110530609545e-01
9.950235127289932535e-01
9.955528435932903264e-01
9.960030866277038708e-01
9.963860031452249633e-01
9.967116181542962083e-01
9.969884789934487790e-01
9.972238618491018336e-01
