6.545755794311621358e-04
7.701337268845772624e-04
9.060566741935702478e-04
1.065916507886215808e-03
1.253910748918273324e-03
1.474963578277802521e-03
1.734851007036576978e-03
2.040342208284705132e-03
2.399368629723868350e-03
2.821213110252721382e-03
3.316730886249765788e-03
3.898598454230449775e-03
4.581604409990861111e-03
5.382970393587862765e-03
6.322714861826639679e-03
7.424056878009305943e-03
8.714856526907701489e-03
1.022606180324349238e-02
1.199329871966715519e-02
1.405769754122528949e-02
1.646616342000809668e-02
1.927187648651573770e-02
2.253471853737611802e-02
2.632155710802661780e-02
3.070631517862529997e-02
3.578369256523850073e-02
4.164245494287613369e-02
4.837240292872937997e-02
5.607296109824650571e-02
6.484486025039615242e-02
7.478647285588813087e-02
8.598906115312987541e-02
9.853092340847530162e-02
1.124705863540972489e-01
1.279236587758504906e-01
1.450044869361912792e-01
1.637693613473714116e-01
1.840035489561431814e-01
2.055883179998137800e-01
2.287338499719054896e-01
2.533920968952442787e-01
2.789454102712393135e-01
3.057928123768202111e-01
3.333773025942635138e-01
3.617078307054062969e-01
3.903871075123014345e-01
4.195287628963445536e-01
4.486433430961432878e-01
4.776227815764803042e-01
5.063479310468725902e-01
5.346668943350447734e-01
5.624128217468936652e-01
5.894176526411343264e-01
6.156526826670228880e-01
6.409873587675520845e-01
6.653940583364628125e-01
6.888045887217845165e-01
7.111989578561077607e-01
7.325270625961801674e-01
7.528131687794639149e-01
7.720395796008836520e-01
7.902312901135086776e-01
8.074020858053079230e-01
8.235780353750226102e-01
8.387869808620108669e-01
8.530624056044577852e-01
8.664413020541010813e-01
8.789611600209102926e-01
8.906612110442346797e-01
9.015812580447503111e-01
9.117607772019492574e-01
9.212390437415809430e-01
9.300547539957990661e-01
9.382455776990683560e-01
9.458480389853562986e-01
9.528973261118067750e-01
9.593997903175341957e-01
9.650858547097120876e-01
9.699708463612357612e-01
9.741609165934423942e-01
9.777499998834189299e-01
9.808206856749193125e-01
9.834452102973203491e-01
9.856864734767116776e-01
9.875990372803844508e-01
9.892300887316660685e-01
9.906203203376497957e-01
9.918047488258235900e-01
9.928134491696459785e-01
9.936722100896048238e-01
9.944031126468495518e-01
9.950250463241716581e-01
9.955541482211456294e-01
9.960041957636440735e-01
9.963869462567864765e-01
9.967124209245089572e-01
9.969891603819974746e-01
9.972244418260813870e-01
9.974244606970218419e-01
9.975944902210669429e-01
