1.000000000000000048e-04
1.176811952434997941e-04
1.384886371393873169e-04
1.629750834620643444e-04
1.917910261672488628e-04
2.257019719633919052e-04
2.656087782946686443e-04
3.125715849688235292e-04
3.678379771828634167e-04
4.328761281083057092e-04
5.094138014816380119e-04
5.994842503189408769e-04
7.054802310718645249e-04
8.302175681319743641e-04
9.770099572992247371e-04
1.149756995397735633e-03
1.353047774579807646e-03
1.592282793341092241e-03
1.873817422860383055e-03
2.205130739903045541e-03
2.595024211399737154e-03
3.053855508833415357e-03
3.593813663804625805e-03
4.229242874389498551e-03
4.977023564332108511e-03
5.857020818056661582e-03
6.892612104349694901e-03
8.111308307896872294e-03
9.545484566618337233e-03
1.123324032978027624e-02
1.321941148466028795e-02
1.555676143930472335e-02
1.830738280295367976e-02
2.154434690031882191e-02
2.535364493970111363e-02
2.983647240283337360e-02
3.511191734215130672e-02
4.132012400115334799e-02
4.862601580065353118e-02
5.722367659350214436e-02
6.734150657750821722e-02
7.924828983539169980e-02
9.326033468832199691e-02
1.097498765493055695e-01
1.291549665014883885e-01
1.519911082952933035e-01
1.788649529057435017e-01
2.104904144512019792e-01
2.477076355991708889e-01
2.915053062825175845e-01
3.430469286314915545e-01
4.037017258596553582e-01
4.750810162102793166e-01
5.590810182512222504e-01
6.579332246575675391e-01
7.742636826811269968e-01
9.111627561154886923e-01
1.072267222010323096e+00
1.261856883066021062e+00
1.484968262254463545e+00
1.747528400007682947e+00
2.056512308348651619e+00
2.420128264794383366e+00
2.848035868435799145e+00
3.351602650938840799e+00
3.944206059437656009e+00
4.641588833612772191e+00
5.462277217684336605e+00
6.428073117284319515e+00
7.564633275546290392e+00
8.902150854450374240e+00
1.047615752789664079e+01
1.232846739442065953e+01
1.450828778495940163e+01
1.707352647470688822e+01
2.009233002565045823e+01
2.364489412645407285e+01
2.782559402207125743e+01
3.274549162877725195e+01
3.853528593710527161e+01
4.534878508128581842e+01
5.336699231206301874e+01
6.280291441834246768e+01
7.390722033525774748e+01
8.697490026177834466e+01
1.023531021899024722e+02
1.204503540258781129e+02
1.417474162926804695e+02
1.668100537200059250e+02
1.963040650040268531e+02
2.310129700083157900e+02
2.718588242732940330e+02
3.199267137797384635e+02
3.764935806792463495e+02
4.430621457583877714e+02
5.214008287999683944e+02
6.135907273413163239e+02
7.220809018385456284e+02
8.497534359086438371e+02
1.000000000000000000e+03
