MaxBenefit, x0, sigma, MassLoss, GrowthRate, OffspringNum, Symmetry, OffspringSet, dummy
1.0, 5.0, 0.1, 2.4, 0.9961214369019029, 15, 0.7299, 3.98; 3.65; 4.66; 3.17; 3.55; 4.19; 3.15; 3.16; 4.75; 4.41; 3.19; 3.66; 3.92; 4.7; 3.45; 
1.0, 5.0, 0.15, 2.4, 1.001796489922182, 13, 0.8759, 4.43; 4.42; 3.83; 4.42; 4.45; 4.43; 4.44; 4.42; 4.44; 4.62; 4.63; 4.63; 4.44; 
1.0, 5.0, 0.2, 2.4, 1.0077222251270896, 13, 0.9842, 4.41; 4.5; 4.5; 4.49; 4.4; 4.4; 4.4; 4.43; 4.41; 4.41; 4.41; 4.42; 4.41; 
1.0, 5.0, 0.25, 2.4, 1.0134820154461952, 14, 0.6374, 4.21; 4.21; 4.2; 4.21; 4.2; 2.57; 4.21; 4.37; 4.21; 4.36; 4.2; 4.22; 4.2; 4.22; 
1.0, 5.0, 0.3, 2.4, 1.0193422898630704, 14, 0.8879, 4.24; 4.1; 4.1; 4.24; 4.1; 4.09; 4.1; 4.1; 4.22; 4.1; 3.59; 4.25; 4.11; 4.25; 
1.0, 5.0, 0.35, 2.4, 1.025157766741743, 14, 0.9964, 4.12; 4.11; 4.12; 4.11; 4.1; 4.11; 4.11; 4.12; 4.12; 4.12; 4.1; 4.11; 4.11; 4.11; 
1.0, 5.0, 0.4, 2.4, 1.0307651824735689, 14, 0.9969, 3.99; 3.99; 4.0; 3.99; 4.01; 4.0; 3.99; 4.01; 3.99; 3.99; 4.0; 4.0; 4.0; 3.99; 
1.0, 5.0, 0.45, 2.4, 1.0365814267618894, 15, 0.9854, 3.86; 3.81; 3.88; 3.87; 3.87; 3.82; 3.86; 3.8; 3.81; 3.8; 3.86; 3.86; 3.86; 3.84; 3.79; 
1.0, 5.0, 0.5, 2.4, 1.0422222499591074, 15, 0.9965, 3.75; 3.74; 3.75; 3.74; 3.75; 3.74; 3.74; 3.75; 3.74; 3.75; 3.75; 3.74; 3.74; 3.74; 3.74; 
1.0, 5.0, 0.55, 2.4, 1.0479779219706122, 14, 0.9966, 3.63; 3.64; 3.64; 3.63; 3.65; 3.64; 3.65; 3.64; 3.63; 3.64; 3.63; 3.64; 3.64; 3.64; 
1.0, 5.0, 0.6, 2.4, 1.0539585157894829, 13, 0.9977, 3.54; 3.53; 3.54; 3.53; 3.54; 3.54; 3.54; 3.54; 3.53; 3.54; 3.54; 3.53; 3.54; 
1.0, 5.0, 0.65, 2.4, 1.060173887600555, 12, 0.9961, 3.46; 3.46; 3.44; 3.45; 3.44; 3.45; 3.44; 3.45; 3.44; 3.44; 3.44; 3.45; 
1.0, 5.0, 0.7, 2.4, 1.0666272169384636, 11, 0.9968, 3.36; 3.36; 3.35; 3.35; 3.36; 3.36; 3.36; 3.36; 3.37; 3.36; 3.37; 
1.0, 5.0, 0.75, 2.4, 1.0733063779857108, 10, 0.996, 3.28; 3.28; 3.28; 3.29; 3.29; 3.27; 3.28; 3.29; 3.28; 3.28; 
1.0, 5.0, 0.8, 2.4, 1.0801728028195505, 9, 0.9963, 3.21; 3.21; 3.22; 3.22; 3.21; 3.21; 3.21; 3.21; 3.22; 
1.0, 5.0, 0.85, 2.4, 1.0872950200039635, 9, 0.9975, 3.12; 3.12; 3.11; 3.12; 3.12; 3.12; 3.11; 3.12; 3.12; 
1.0, 5.0, 0.9, 2.4, 1.094593917427348, 8, 0.9958, 3.07; 3.07; 3.07; 3.05; 3.07; 3.06; 3.06; 3.06; 
1.0, 5.0, 0.95, 2.4, 1.1021601928518159, 8, 0.9954, 2.97; 2.96; 2.98; 2.98; 2.97; 2.97; 2.97; 2.96; 
1.0, 5.0, 1.0, 2.4, 1.1098301896506753, 8, 0.9949, 2.88; 2.87; 2.87; 2.87; 2.88; 2.88; 2.87; 2.88; 
1.0, 5.0, 1.05, 2.4, 1.1178477857671827, 7, 0.9951, 2.85; 2.85; 2.85; 2.84; 2.84; 2.83; 2.85; 
1.0, 5.0, 1.1, 2.4, 1.126025593548869, 7, 0.9948, 2.74; 2.76; 2.76; 2.75; 2.76; 2.76; 2.76; 
1.0, 5.0, 1.15, 2.4, 1.1343142193815448, 7, 0.9964, 2.68; 2.67; 2.67; 2.68; 2.67; 2.67; 2.67; 
1.0, 5.0, 1.2, 2.4, 1.142849665204904, 6, 0.9973, 2.66; 2.66; 2.66; 2.66; 2.67; 2.66; 
1.0, 5.0, 1.25, 2.4, 1.1517184881217193, 6, 0.9951, 2.59; 2.58; 2.59; 2.59; 2.59; 2.58; 
1.0, 5.0, 1.3, 2.4, 1.160701811538249, 6, 0.9936, 2.51; 2.51; 2.51; 2.5; 2.5; 2.52; 
1.0, 5.0, 1.35, 2.4, 1.1697996484930053, 6, 0.9963, 2.44; 2.43; 2.43; 2.43; 2.44; 2.44; 
1.0, 5.0, 1.4, 2.4, 1.1790093298160231, 6, 0.9928, 2.36; 2.35; 2.35; 2.35; 2.37; 2.37; 
1.0, 5.0, 1.45, 2.4, 1.1884885600526118, 5, 0.9969, 2.4; 2.39; 2.4; 2.4; 2.4; 
1.0, 5.0, 1.5, 2.4, 1.1983731120371575, 5, 0.9944, 2.34; 2.32; 2.34; 2.33; 2.34; 
1.0, 5.0, 1.55, 2.4, 1.208370684650141, 5, 0.9939, 2.26; 2.26; 2.26; 2.27; 2.27; 
1.0, 5.0, 1.6, 2.4, 1.218479499997124, 5, 0.9938, 2.21; 2.21; 2.21; 2.2; 2.2; 
1.0, 5.0, 1.65, 2.4, 1.2286957508321819, 5, 0.9917, 2.14; 2.14; 2.14; 2.15; 2.15; 
1.0, 5.0, 1.7, 2.4, 1.239020976631224, 5, 0.991, 2.09; 2.09; 2.07; 2.09; 2.09; 
1.0, 5.0, 1.75, 2.4, 1.249452584592719, 5, 0.9923, 2.04; 2.02; 2.03; 2.02; 2.03; 
1.0, 5.0, 1.8, 2.4, 1.2599840098251534, 5, 0.9944, 1.98; 1.97; 1.98; 1.97; 1.98; 
1.0, 5.0, 1.85, 2.4, 1.2706050468977947, 5, 0.9907, 1.92; 1.92; 1.93; 1.92; 1.92; 
1.0, 5.0, 1.9, 2.4, 1.2815226868680663, 4, 0.9917, 2.08; 2.06; 2.06; 2.08; 
1.0, 5.0, 1.95, 2.4, 1.292405229954133, 4, 0.9924, 2.04; 2.05; 2.03; 2.05; 
1.0, 5.0, 2.0, 2.4, 1.3031388434144335, 4, 0.9946, 2.02; 2.02; 2.01; 2.01; 
1.0, 5.0, 2.05, 2.4, 1.3136834002925437, 4, 0.9966, 2.0; 1.99; 2.0; 2.0; 
1.0, 5.0, 2.1, 2.4, 1.3241179568207206, 5, 0.9942, 1.73; 1.74; 1.73; 1.73; 1.74; 
1.0, 5.0, 2.15, 2.4, 1.3346095764029546, 5, 0.9945, 1.7; 1.71; 1.7; 1.7; 1.7; 
1.0, 5.0, 2.2, 2.4, 1.344935878810677, 5, 0.9903, 1.68; 1.69; 1.69; 1.68; 1.69; 
1.0, 5.0, 2.25, 2.4, 1.3550617829921632, 5, 0.989, 1.67; 1.67; 1.67; 1.68; 1.66; 
1.0, 5.0, 2.3, 2.4, 1.3649664766860021, 5, 0.9937, 1.66; 1.66; 1.66; 1.66; 1.66; 
1.0, 5.0, 2.35, 2.4, 1.37463389737496, 5, 0.9901, 1.65; 1.65; 1.64; 1.66; 1.65; 
1.0, 5.0, 2.4, 2.4, 1.3840493199207557, 5, 0.9852, 1.64; 1.63; 1.65; 1.65; 1.65; 
1.0, 5.0, 2.45, 2.4, 1.3932107745765379, 5, 0.9877, 1.64; 1.64; 1.63; 1.63; 1.63; 
1.0, 5.0, 2.5, 2.4, 1.4021123101922441, 5, 0.9876, 1.62; 1.63; 1.64; 1.63; 1.63; 
1.0, 5.0, 2.55, 2.4, 1.410749340005113, 5, 0.9848, 1.63; 1.62; 1.64; 1.63; 1.62; 
1.0, 5.0, 2.6, 2.4, 1.4191279008468647, 5, 0.9895, 1.62; 1.62; 1.63; 1.63; 1.63; 
1.0, 5.0, 2.65, 2.4, 1.4272465696568908, 5, 0.9856, 1.61; 1.63; 1.62; 1.63; 1.63; 
1.0, 5.0, 2.7, 2.4, 1.435112366743354, 5, 0.9796, 1.61; 1.62; 1.64; 1.61; 1.63; 
1.0, 5.0, 2.75, 2.4, 1.4431237462829194, 6, 0.9622, 1.41; 1.39; 1.42; 1.39; 1.41; 1.39; 
1.0, 5.0, 2.8, 2.4, 1.4510484718621832, 6, 0.9804, 1.4; 1.4; 1.4; 1.4; 1.39; 1.39; 
1.0, 5.0, 2.85, 2.4, 1.4587324925135658, 6, 0.9923, 1.39; 1.4; 1.4; 1.39; 1.4; 1.4; 
1.0, 5.0, 2.9, 2.4, 1.466184355913947, 6, 0.977, 1.39; 1.41; 1.39; 1.4; 1.39; 1.4; 
1.0, 5.0, 2.95, 2.4, 1.473408253945398, 6, 0.9752, 1.4; 1.39; 1.4; 1.41; 1.39; 1.4; 
1.0, 5.0, 3.0, 2.4, 1.4804122751428603, 6, 0.9854, 1.4; 1.39; 1.4; 1.4; 1.4; 1.4; 
1.0, 5.0, 3.05, 2.4, 1.487196505187994, 6, 0.9668, 1.41; 1.4; 1.39; 1.39; 1.4; 1.41; 
1.0, 5.0, 3.1, 2.4, 1.493779402890537, 6, 0.9732, 1.4; 1.4; 1.41; 1.4; 1.4; 1.39; 
1.0, 5.0, 3.15, 2.4, 1.500463235450884, 7, 0.9565, 1.24; 1.24; 1.24; 1.22; 1.22; 1.22; 1.22; 
1.0, 5.0, 3.2, 2.4, 1.5070270289372747, 7, 0.9565, 1.24; 1.24; 1.24; 1.22; 1.22; 1.22; 1.22; 
1.0, 5.0, 3.25, 2.4, 1.5133948293523258, 7, 0.9565, 1.24; 1.24; 1.24; 1.22; 1.22; 1.22; 1.22; 
1.0, 5.0, 3.3, 2.4, 1.5195740286018347, 7, 0.9565, 1.24; 1.24; 1.24; 1.24; 1.22; 1.22; 1.22; 
1.0, 5.0, 3.35, 2.4, 1.5255690914453308, 7, 0.9565, 1.24; 1.24; 1.24; 1.24; 1.24; 1.22; 1.22; 
1.0, 5.0, 3.4, 2.4, 1.5313875560062256, 7, 0.9565, 1.24; 1.24; 1.24; 1.24; 1.24; 1.22; 1.22; 
1.0, 5.0, 3.45, 2.4, 1.5371821656754645, 8, 1.0, 1.1; 1.1; 1.1; 1.1; 1.1; 1.1; 1.1; 1.1; 
1.0, 5.0, 3.5, 2.4, 1.5429399694839159, 8, 1.0, 1.1; 1.1; 1.1; 1.1; 1.1; 1.1; 1.1; 1.1; 
1.0, 5.0, 3.55, 2.4, 1.548530366230417, 8, 1.0, 1.1; 1.1; 1.1; 1.1; 1.1; 1.1; 1.1; 1.1; 
1.0, 5.0, 3.6, 2.4, 1.5539604963637186, 8, 0.9091, 1.12; 1.1; 1.1; 1.1; 1.1; 1.1; 1.1; 1.1; 
1.0, 5.0, 3.65, 2.4, 1.5592355389676222, 8, 0.9091, 1.12; 1.12; 1.1; 1.1; 1.1; 1.1; 1.1; 1.1; 
1.0, 5.0, 3.7, 2.4, 1.5644300864461784, 9, 0.0, 1.0; 1.0; 1.0; 1.0; 1.0; 1.0; 1.0; 1.0; 1.0; 
1.0, 5.0, 3.75, 2.4, 1.5696247186750716, 9, 0.0, 1.0; 1.0; 1.0; 1.0; 1.0; 1.0; 1.0; 1.0; 1.0; 
1.0, 5.0, 3.8, 2.4, 1.574672845510376, 9, 0.0, 1.0; 1.0; 1.0; 1.0; 1.0; 1.0; 1.0; 1.0; 1.0; 
1.0, 5.0, 3.85, 2.4, 1.5795788702443434, 9, 0.0, 1.0; 1.0; 1.0; 1.0; 1.0; 1.0; 1.0; 1.0; 1.0; 
1.0, 5.0, 3.9, 2.4, 1.5843489172529996, 9, 0.0, 1.02; 1.0; 1.0; 1.0; 1.0; 1.0; 1.0; 1.0; 1.0; 
1.0, 5.0, 3.95, 2.4, 1.5889887486279615, 9, 0.0, 1.02; 1.02; 1.0; 1.0; 1.0; 1.0; 1.0; 1.0; 1.0; 
1.0, 5.0, 4.0, 2.4, 1.5935028021204087, 9, 0.0, 1.02; 1.02; 1.02; 1.0; 1.0; 1.0; 1.0; 1.0; 1.0; 
1.0, 5.0, 4.05, 2.4, 1.5978953608820072, 9, 0.0, 1.02; 1.02; 1.02; 1.02; 1.0; 1.0; 1.0; 1.0; 1.0; 
1.0, 5.0, 4.1, 2.4, 1.6021705655720928, 9, 0.0, 1.02; 1.02; 1.02; 1.02; 1.02; 1.0; 1.0; 1.0; 1.0; 
1.0, 5.0, 4.15, 2.4, 1.6063324115637143, 9, 0.0, 1.02; 1.02; 1.02; 1.02; 1.02; 1.02; 1.0; 1.0; 1.0; 
1.0, 5.0, 4.2, 2.4, 1.6103847526689132, 9, 0.0, 1.02; 1.02; 1.02; 1.02; 1.02; 1.02; 1.02; 1.0; 1.0; 
1.0, 5.0, 4.25, 2.4, 1.6143316466593358, 9, 1.0, 1.02; 1.02; 1.02; 1.02; 1.02; 1.02; 1.02; 1.02; 1.02; 
1.0, 5.0, 4.3, 2.4, 1.618175657465517, 9, 1.0, 1.02; 1.02; 1.02; 1.02; 1.02; 1.02; 1.02; 1.02; 1.02; 
1.0, 5.0, 4.35, 2.4, 1.621917968798213, 9, 0.6666, 1.04; 1.02; 1.02; 1.02; 1.02; 1.02; 1.02; 1.02; 1.02; 
1.0, 5.0, 4.4, 2.4, 1.6255648661522222, 9, 0.6666, 1.04; 1.04; 1.02; 1.02; 1.02; 1.02; 1.02; 1.02; 1.02; 
1.0, 5.0, 4.45, 2.4, 1.6291195616584626, 9, 0.6666, 1.04; 1.04; 1.04; 1.04; 1.02; 1.02; 1.02; 1.02; 1.02; 
1.0, 5.0, 4.5, 2.4, 1.632643699545819, 10, 0.0, 1.0; 1.0; 1.0; 1.0; 1.0; 1.0; 1.0; 1.0; 1.0; 1.0; 
1.0, 5.0, 4.55, 2.4, 1.6362692779990362, 10, 0.0, 1.0; 1.0; 1.0; 1.0; 1.0; 1.0; 1.0; 1.0; 1.0; 1.0; 
1.0, 5.0, 4.6, 2.4, 1.6398048907095393, 10, 0.0, 1.0; 1.0; 1.0; 1.0; 1.0; 1.0; 1.0; 1.0; 1.0; 1.0; 
1.0, 5.0, 4.65, 2.4, 1.6432530606296774, 10, 0.0, 1.0; 1.0; 1.0; 1.0; 1.0; 1.0; 1.0; 1.0; 1.0; 1.0; 
1.0, 5.0, 4.7, 2.4, 1.6466162427252669, 10, 0.0, 1.0; 1.0; 1.0; 1.0; 1.0; 1.0; 1.0; 1.0; 1.0; 1.0; 
1.0, 5.0, 4.75, 2.4, 1.649896831426167, 10, 0.0, 1.0; 1.0; 1.0; 1.0; 1.0; 1.0; 1.0; 1.0; 1.0; 1.0; 
1.0, 5.0, 4.8, 2.4, 1.653097155969673, 10, 0.0, 1.0; 1.0; 1.0; 1.0; 1.0; 1.0; 1.0; 1.0; 1.0; 1.0; 
1.0, 5.0, 4.85, 2.4, 1.6562194850571212, 10, 0.0, 1.0; 1.0; 1.0; 1.0; 1.0; 1.0; 1.0; 1.0; 1.0; 1.0; 
1.0, 5.0, 4.9, 2.4, 1.65926602499125, 10, 0.0, 1.0; 1.0; 1.0; 1.0; 1.0; 1.0; 1.0; 1.0; 1.0; 1.0; 
1.0, 5.0, 4.95, 2.4, 1.6622389206075203, 10, 0.0, 1.0; 1.0; 1.0; 1.0; 1.0; 1.0; 1.0; 1.0; 1.0; 1.0; 
1.0, 5.0, 5.0, 2.4, 1.665140257136759, 10, 0.0, 1.0; 1.0; 1.0; 1.0; 1.0; 1.0; 1.0; 1.0; 1.0; 1.0; 
1.0, 5.0, 5.05, 2.4, 1.6679720620678062, 10, 0.0, 1.0; 1.0; 1.0; 1.0; 1.0; 1.0; 1.0; 1.0; 1.0; 1.0; 
