MaxBenefit, x0, sigma, MassLoss, GrowthRate, OffspringNum, Symmetry, OffspringSet, dummy
1.0, 5.0, 0.1, 0.7, 1.007312471215887, 13, 0.7614, 4.66; 4.68; 3.26; 4.67; 4.67; 4.67; 4.67; 4.67; 4.66; 4.66; 4.68; 4.68; 4.68; 
1.0, 5.0, 0.15, 0.7, 1.0133340506704238, 12, 0.998, 4.55; 4.56; 4.55; 4.56; 4.56; 4.55; 4.56; 4.55; 4.56; 4.56; 4.56; 4.56; 
1.0, 5.0, 0.2, 0.7, 1.0201002149238687, 8, 0.9976, 4.44; 4.43; 4.43; 4.43; 4.44; 4.43; 4.44; 4.45; 
1.0, 5.0, 0.25, 0.7, 1.0280784310045075, 6, 0.9975, 4.33; 4.33; 4.33; 4.33; 4.32; 4.32; 
1.0, 5.0, 0.3, 0.7, 1.0373765171739175, 4, 0.9987, 4.25; 4.24; 4.25; 4.25; 
1.0, 5.0, 0.35, 0.7, 1.0483470283161753, 4, 0.9981, 4.11; 4.13; 4.12; 4.12; 
1.0, 5.0, 0.4, 0.7, 1.0619719060540844, 3, 0.9974, 4.04; 4.05; 4.03; 
1.0, 5.0, 0.45, 0.7, 1.0782846500539542, 2, 0.9999, 4.0; 4.0; 
1.0, 5.0, 0.5, 0.7, 1.100306390049869, 2, 0.9997, 3.9; 3.9; 
1.0, 5.0, 0.55, 0.7, 1.123176867421348, 2, 0.9984, 3.8; 3.81; 
1.0, 5.0, 0.6, 0.7, 1.1469640239992653, 2, 0.9983, 3.7; 3.69; 
1.0, 5.0, 0.65, 0.7, 1.1717149502375444, 2, 0.9984, 3.6; 3.6; 
1.0, 5.0, 0.7, 0.7, 1.1974857266451213, 2, 0.9991, 3.5; 3.5; 
1.0, 5.0, 0.75, 0.7, 1.2242010586008654, 2, 0.9992, 3.41; 3.41; 
1.0, 5.0, 0.8, 0.7, 1.251521546149435, 2, 0.9985, 3.34; 3.35; 
1.0, 5.0, 0.85, 0.7, 1.278858691330242, 2, 0.9963, 3.3; 3.29; 
1.0, 5.0, 0.9, 0.7, 1.305668478933935, 2, 0.9978, 3.26; 3.27; 
1.0, 5.0, 0.95, 0.7, 1.331526417803838, 2, 0.9973, 3.24; 3.26; 
1.0, 5.0, 1.0, 0.7, 1.356180712825069, 2, 0.9993, 3.24; 3.24; 
1.0, 5.0, 1.05, 0.7, 1.3794883985604365, 2, 0.9977, 3.23; 3.22; 
1.0, 5.0, 1.1, 0.7, 1.4013788640091014, 2, 0.9977, 3.23; 3.22; 
1.0, 5.0, 1.15, 0.7, 1.4218523606281082, 2, 0.9998, 3.23; 3.23; 
1.0, 5.0, 1.2, 0.7, 1.4409284704019938, 2, 0.9992, 3.23; 3.22; 
1.0, 5.0, 1.25, 0.7, 1.4586738881209569, 2, 0.9971, 3.21; 3.23; 
1.0, 5.0, 1.3, 0.7, 1.475153859437556, 2, 0.9991, 3.22; 3.22; 
1.0, 5.0, 1.35, 0.7, 1.4904352495739865, 2, 0.9982, 3.22; 3.22; 
1.0, 5.0, 1.4, 0.7, 1.5046146189667948, 2, 0.9979, 3.23; 3.22; 
1.0, 5.0, 1.45, 0.7, 1.5177820730570533, 2, 0.9994, 3.23; 3.23; 
1.0, 5.0, 1.5, 0.7, 1.5299837588691059, 2, 0.9963, 3.24; 3.23; 
1.0, 5.0, 1.55, 0.7, 1.5413251402815304, 2, 0.9995, 3.23; 3.23; 
1.0, 5.0, 1.6, 0.7, 1.5518625958264294, 2, 0.9995, 3.24; 3.25; 
1.0, 5.0, 1.65, 0.7, 1.5616595019923296, 2, 0.9943, 3.23; 3.26; 
1.0, 5.0, 1.7, 0.7, 1.5707987576476627, 2, 0.9972, 3.26; 3.24; 
1.0, 5.0, 1.75, 0.7, 1.5793167970555837, 2, 0.9997, 3.25; 3.25; 
1.0, 5.0, 1.8, 0.7, 1.5872562682622222, 2, 0.9963, 3.25; 3.26; 
1.0, 5.0, 1.85, 0.7, 1.5946768308484534, 2, 0.9934, 3.25; 3.28; 
1.0, 5.0, 1.9, 0.7, 1.6016367772138875, 2, 0.9967, 3.26; 3.28; 
1.0, 5.0, 1.95, 0.7, 1.608152732394478, 2, 0.9986, 3.28; 3.27; 
1.0, 5.0, 2.0, 0.7, 1.6142652489609808, 2, 0.9999, 3.28; 3.28; 
1.0, 5.0, 2.05, 0.7, 1.6200005464325953, 2, 0.996, 3.27; 3.29; 
1.0, 5.0, 2.1, 0.7, 1.6254049003561546, 2, 0.9975, 3.28; 3.3; 
1.0, 5.0, 2.15, 0.7, 1.6304928235284355, 2, 0.9986, 3.3; 3.3; 
1.0, 5.0, 2.2, 0.7, 1.6352909676022254, 2, 0.9998, 3.3; 3.3; 
1.0, 5.0, 2.25, 0.7, 1.6398188316743703, 2, 0.9984, 3.32; 3.31; 
1.0, 5.0, 2.3, 0.7, 1.6456639711711119, 3, 0.9899, 2.46; 2.44; 2.47; 
1.0, 5.0, 2.35, 0.7, 1.6530039501563691, 3, 0.9956, 2.46; 2.47; 2.46; 
1.0, 5.0, 2.4, 0.7, 1.6599789709059802, 3, 0.9938, 2.46; 2.48; 2.46; 
1.0, 5.0, 2.45, 0.7, 1.6666184389930359, 3, 0.9976, 2.46; 2.46; 2.47; 
1.0, 5.0, 2.5, 0.7, 1.6729378618666249, 3, 0.9966, 2.47; 2.46; 2.47; 
1.0, 5.0, 2.55, 0.7, 1.6789471907064657, 3, 0.9876, 2.5; 2.46; 2.46; 
1.0, 5.0, 2.6, 0.7, 1.6846929106069282, 3, 0.9935, 2.48; 2.48; 2.46; 
1.0, 5.0, 2.65, 0.7, 1.6901666191774258, 3, 0.9934, 2.47; 2.49; 2.48; 
1.0, 5.0, 2.7, 0.7, 1.695385083946237, 3, 0.9958, 2.49; 2.48; 2.47; 
1.0, 5.0, 2.75, 0.7, 1.700370617535142, 3, 0.9918, 2.5; 2.49; 2.48; 
1.0, 5.0, 2.8, 0.7, 1.7051361792951765, 3, 0.9936, 2.48; 2.49; 2.5; 
1.0, 5.0, 2.85, 0.7, 1.7096850949785876, 3, 0.9923, 2.49; 2.51; 2.48; 
1.0, 5.0, 2.9, 0.7, 1.7140424525478721, 3, 0.9944, 2.5; 2.49; 2.49; 
1.0, 5.0, 2.95, 0.7, 1.7182109435247348, 3, 0.9935, 2.51; 2.49; 2.51; 
1.0, 5.0, 3.0, 0.7, 1.7222067347345127, 3, 0.9942, 2.5; 2.52; 2.51; 
1.0, 5.0, 3.05, 0.7, 1.7260339305149728, 3, 0.9981, 2.51; 2.51; 2.51; 
1.0, 5.0, 3.1, 0.7, 1.7297009183555434, 3, 0.9943, 2.51; 2.53; 2.52; 
1.0, 5.0, 3.15, 0.7, 1.7332208923005012, 3, 0.9922, 2.53; 2.51; 2.52; 
1.0, 5.0, 3.2, 0.7, 1.7366028070146098, 3, 0.9968, 2.53; 2.53; 2.52; 
1.0, 5.0, 3.25, 0.7, 1.7398490997685592, 3, 0.9974, 2.53; 2.52; 2.52; 
1.0, 5.0, 3.3, 0.7, 1.7429692523555858, 3, 0.9951, 2.54; 2.53; 2.52; 
1.0, 5.0, 3.35, 0.7, 1.745966459211481, 3, 0.9937, 2.55; 2.53; 2.54; 
1.0, 5.0, 3.4, 0.7, 1.7488511585975752, 3, 0.99, 2.54; 2.56; 2.52; 
1.0, 5.0, 3.45, 0.7, 1.7516334488425231, 3, 0.9963, 2.55; 2.54; 2.54; 
1.0, 5.0, 3.5, 0.7, 1.7543108163071994, 3, 0.999, 2.55; 2.55; 2.55; 
1.0, 5.0, 3.55, 0.7, 1.7568905057484625, 3, 0.9958, 2.56; 2.55; 2.55; 
1.0, 5.0, 3.6, 0.7, 1.7593758932099717, 3, 0.9977, 2.56; 2.56; 2.56; 
1.0, 5.0, 3.65, 0.7, 1.7617740772309691, 3, 0.992, 2.58; 2.55; 2.56; 
1.0, 5.0, 3.7, 0.7, 1.7640903635551028, 3, 0.9944, 2.56; 2.57; 2.56; 
1.0, 5.0, 3.75, 0.7, 1.7670923629960087, 4, 0.9952, 2.03; 2.03; 2.03; 2.04; 
1.0, 5.0, 3.8, 0.7, 1.7700094994095665, 4, 0.9877, 2.03; 2.05; 2.03; 2.03; 
1.0, 5.0, 3.85, 0.7, 1.7728322770327032, 4, 0.9948, 2.03; 2.04; 2.03; 2.05; 
1.0, 5.0, 3.9, 0.7, 1.7755620975056132, 4, 0.9943, 2.04; 2.04; 2.05; 2.04; 
1.0, 5.0, 3.95, 0.7, 1.7781987056459632, 4, 0.9924, 2.05; 2.04; 2.05; 2.05; 
1.0, 5.0, 4.0, 0.7, 1.7807523879095322, 4, 0.9962, 2.04; 2.05; 2.04; 2.05; 
1.0, 5.0, 4.05, 0.7, 1.7832212155276537, 4, 0.9952, 2.06; 2.05; 2.05; 2.05; 
1.0, 5.0, 4.1, 0.7, 1.785612504969011, 4, 0.9879, 2.06; 2.06; 2.04; 2.06; 
1.0, 5.0, 4.15, 0.7, 1.7879313449791328, 4, 0.9917, 2.07; 2.07; 2.05; 2.05; 
1.0, 5.0, 4.2, 0.7, 1.7901767362490983, 4, 0.9916, 2.06; 2.07; 2.06; 2.05; 
1.0, 5.0, 4.25, 0.7, 1.7923528427213031, 4, 0.9945, 2.07; 2.07; 2.06; 2.06; 
1.0, 5.0, 4.3, 0.7, 1.7944609514832917, 4, 0.987, 2.08; 2.06; 2.07; 2.06; 
1.0, 5.0, 4.35, 0.7, 1.7965079152051944, 4, 0.9861, 2.06; 2.09; 2.06; 2.08; 
1.0, 5.0, 4.4, 0.7, 1.7984958023540374, 4, 0.9872, 2.07; 2.08; 2.06; 2.09; 
1.0, 5.0, 4.45, 0.7, 1.8004260778999366, 4, 0.9936, 2.07; 2.07; 2.08; 2.08; 
1.0, 5.0, 4.5, 0.7, 1.8022952735983182, 4, 0.9875, 2.09; 2.09; 2.07; 2.09; 
1.0, 5.0, 4.55, 0.7, 1.8041132633291435, 4, 0.9896, 2.1; 2.1; 2.09; 2.07; 
1.0, 5.0, 4.6, 0.7, 1.8058825951904671, 4, 0.9914, 2.08; 2.08; 2.08; 2.1; 
1.0, 5.0, 4.65, 0.7, 1.8075994358593381, 4, 0.9922, 2.1; 2.09; 2.08; 2.09; 
1.0, 5.0, 4.7, 0.7, 1.8092675748865559, 4, 0.9846, 2.08; 2.1; 2.12; 2.09; 
1.0, 5.0, 4.75, 0.7, 1.8108936237297537, 4, 0.9923, 2.09; 2.11; 2.1; 2.11; 
1.0, 5.0, 4.8, 0.7, 1.8125612887138751, 5, 0.9717, 1.72; 1.75; 1.73; 1.72; 1.76; 
1.0, 5.0, 4.85, 0.7, 1.814414101520124, 5, 0.9827, 1.75; 1.72; 1.74; 1.74; 1.74; 
1.0, 5.0, 4.9, 0.7, 1.8162113246243337, 5, 0.969, 1.74; 1.75; 1.74; 1.76; 1.71; 
1.0, 5.0, 4.95, 0.7, 1.817965358584106, 5, 0.9779, 1.75; 1.75; 1.72; 1.74; 1.75; 
1.0, 5.0, 5.0, 0.7, 1.819674150764897, 5, 0.9917, 1.74; 1.75; 1.75; 1.74; 1.74; 
1.0, 5.0, 5.05, 0.7, 1.8213349109248314, 5, 0.9754, 1.75; 1.76; 1.73; 1.77; 1.75; 
