MaxBenefit, x0, sigma, MassLoss, GrowthRate, OffspringNum, Symmetry, OffspringSet, dummy
1.0, 5.0, 0.1, 1.65, 1.0009530117241452, 13, 0.7833, 4.59; 4.71; 4.59; 4.18; 4.59; 4.59; 3.41; 4.59; 4.59; 4.6; 4.59; 4.6; 4.74; 
1.0, 5.0, 0.15, 1.65, 1.0069071503992522, 13, 0.9411, 4.49; 4.5; 4.49; 4.2; 4.49; 4.5; 4.5; 4.49; 4.5; 4.59; 4.5; 4.6; 4.5; 
1.0, 5.0, 0.2, 1.65, 1.0127650071032073, 13, 0.9972, 4.47; 4.46; 4.47; 4.46; 4.46; 4.47; 4.46; 4.48; 4.47; 4.46; 4.46; 4.46; 4.46; 
1.0, 5.0, 0.25, 1.65, 1.0185174967861106, 13, 0.9975, 4.33; 4.34; 4.34; 4.33; 4.34; 4.34; 4.34; 4.33; 4.34; 4.33; 4.34; 4.34; 4.33; 
1.0, 5.0, 0.3, 1.65, 1.0244015087480203, 14, 0.9179, 4.2; 4.2; 4.21; 3.72; 4.19; 4.21; 4.21; 4.2; 4.2; 4.2; 4.2; 4.21; 4.2; 4.2; 
1.0, 5.0, 0.35, 1.65, 1.0302212771602584, 13, 0.9972, 4.08; 4.07; 4.08; 4.07; 4.08; 4.08; 4.08; 4.07; 4.09; 4.07; 4.07; 4.08; 4.07; 
1.0, 5.0, 0.4, 1.65, 1.03627353903088, 11, 0.9968, 3.98; 3.99; 3.98; 3.97; 3.98; 3.98; 3.97; 3.98; 3.97; 3.97; 3.97; 
1.0, 5.0, 0.45, 1.65, 1.0427340125428284, 10, 0.9975, 3.88; 3.88; 3.87; 3.87; 3.87; 3.87; 3.86; 3.87; 3.88; 3.87; 
1.0, 5.0, 0.5, 1.65, 1.049568841333322, 9, 0.9965, 3.77; 3.78; 3.77; 3.77; 3.76; 3.78; 3.77; 3.77; 3.76; 
1.0, 5.0, 0.55, 1.65, 1.056804703132173, 8, 0.9969, 3.69; 3.69; 3.67; 3.68; 3.68; 3.67; 3.69; 3.69; 
1.0, 5.0, 0.6, 1.65, 1.064438383014498, 7, 0.9965, 3.61; 3.59; 3.6; 3.61; 3.61; 3.59; 3.61; 
1.0, 5.0, 0.65, 1.65, 1.072390049887812, 7, 0.9962, 3.5; 3.5; 3.49; 3.5; 3.49; 3.49; 3.48; 
1.0, 5.0, 0.7, 1.65, 1.0809530190817145, 6, 0.9969, 3.43; 3.42; 3.43; 3.43; 3.42; 3.42; 
1.0, 5.0, 0.75, 1.65, 1.0896671093029617, 6, 0.9962, 3.32; 3.33; 3.33; 3.32; 3.32; 3.32; 
1.0, 5.0, 0.8, 1.65, 1.0991910411515469, 5, 0.9974, 3.29; 3.28; 3.28; 3.28; 3.28; 
1.0, 5.0, 0.85, 1.65, 1.1089005930027094, 5, 0.9963, 3.19; 3.18; 3.2; 3.19; 3.18; 
1.0, 5.0, 0.9, 1.65, 1.1189397314652072, 4, 0.9966, 3.19; 3.17; 3.18; 3.18; 
1.0, 5.0, 0.95, 1.65, 1.1300428657095343, 4, 0.9968, 3.09; 3.1; 3.08; 3.08; 
1.0, 5.0, 1.0, 1.65, 1.1413386486465034, 4, 0.9963, 3.0; 3.01; 3.01; 3.02; 
1.0, 5.0, 1.05, 1.65, 1.1528297541026915, 4, 0.9958, 2.93; 2.92; 2.91; 2.92; 
1.0, 5.0, 1.1, 1.65, 1.1646339012279863, 3, 0.9974, 2.98; 2.98; 2.97; 
1.0, 5.0, 1.15, 1.65, 1.1784742189800257, 3, 0.9967, 2.91; 2.9; 2.9; 
1.0, 5.0, 1.2, 1.65, 1.192568777499539, 3, 0.9989, 2.83; 2.83; 2.83; 
1.0, 5.0, 1.25, 1.65, 1.2069108014161505, 3, 0.9962, 2.77; 2.76; 2.75; 
1.0, 5.0, 1.3, 1.65, 1.2214884191633755, 3, 0.9979, 2.7; 2.7; 2.69; 
1.0, 5.0, 1.35, 1.65, 1.2362526478401996, 3, 0.9953, 2.63; 2.64; 2.62; 
1.0, 5.0, 1.4, 1.65, 1.2511182593408967, 3, 0.995, 2.58; 2.58; 2.57; 
1.0, 5.0, 1.45, 1.65, 1.265974779272439, 3, 0.9941, 2.53; 2.54; 2.52; 
1.0, 5.0, 1.5, 1.65, 1.2806954974986016, 3, 0.9933, 2.5; 2.48; 2.49; 
1.0, 5.0, 1.55, 1.65, 1.2951769804236117, 3, 0.9968, 2.48; 2.47; 2.47; 
1.0, 5.0, 1.6, 1.65, 1.3093279090933247, 3, 0.9948, 2.46; 2.44; 2.44; 
1.0, 5.0, 1.65, 1.65, 1.3230837372782922, 3, 0.9946, 2.42; 2.43; 2.44; 
1.0, 5.0, 1.7, 1.65, 1.3363989363522393, 3, 0.9954, 2.41; 2.41; 2.42; 
1.0, 5.0, 1.75, 1.65, 1.349243452541693, 3, 0.9929, 2.42; 2.4; 2.42; 
1.0, 5.0, 1.8, 1.65, 1.3616107041913343, 3, 0.9946, 2.41; 2.41; 2.4; 
1.0, 5.0, 1.85, 1.65, 1.3734904290597667, 3, 0.9952, 2.4; 2.39; 2.39; 
1.0, 5.0, 1.9, 1.65, 1.3848830229590043, 3, 0.9945, 2.39; 2.39; 2.4; 
1.0, 5.0, 1.95, 1.65, 1.395793583947802, 3, 0.9893, 2.38; 2.39; 2.41; 
1.0, 5.0, 2.0, 1.65, 1.4062452302418054, 3, 0.9955, 2.38; 2.4; 2.39; 
1.0, 5.0, 2.05, 1.65, 1.416242072698037, 3, 0.9942, 2.39; 2.39; 2.4; 
1.0, 5.0, 2.1, 1.65, 1.425802197597278, 3, 0.9958, 2.4; 2.39; 2.39; 
1.0, 5.0, 2.15, 1.65, 1.4349432730565579, 3, 0.9989, 2.4; 2.4; 2.4; 
1.0, 5.0, 2.2, 1.65, 1.4436806370242912, 3, 0.9962, 2.4; 2.4; 2.39; 
1.0, 5.0, 2.25, 1.65, 1.452035552521925, 3, 0.9981, 2.4; 2.41; 2.4; 
1.0, 5.0, 2.3, 1.65, 1.4613430608799374, 4, 0.9871, 1.92; 1.93; 1.94; 1.94; 
1.0, 5.0, 2.35, 1.65, 1.4706251776643544, 4, 0.9889, 1.93; 1.92; 1.93; 1.94; 
1.0, 5.0, 2.4, 1.65, 1.4795509667776985, 4, 0.9919, 1.93; 1.93; 1.93; 1.94; 
1.0, 5.0, 2.45, 1.65, 1.4881293009283634, 4, 0.9838, 1.95; 1.92; 1.94; 1.93; 
1.0, 5.0, 2.5, 1.65, 1.4963769709276895, 4, 0.9845, 1.94; 1.92; 1.95; 1.95; 
1.0, 5.0, 2.55, 1.65, 1.5043147638913847, 4, 0.9943, 1.93; 1.94; 1.94; 1.93; 
1.0, 5.0, 2.6, 1.65, 1.5119357163219505, 4, 0.9912, 1.94; 1.93; 1.95; 1.95; 
1.0, 5.0, 2.65, 1.65, 1.5192676402998702, 4, 0.9935, 1.94; 1.94; 1.94; 1.95; 
1.0, 5.0, 2.7, 1.65, 1.5263167011793555, 4, 0.994, 1.95; 1.94; 1.94; 1.94; 
1.0, 5.0, 2.75, 1.65, 1.5330970811377362, 4, 0.9923, 1.94; 1.95; 1.95; 1.94; 
1.0, 5.0, 2.8, 1.65, 1.5396194829318985, 4, 0.9917, 1.95; 1.96; 1.94; 1.95; 
1.0, 5.0, 2.85, 1.65, 1.545898182802734, 4, 0.9967, 1.95; 1.95; 1.95; 1.96; 
1.0, 5.0, 2.9, 1.65, 1.5519400269011197, 4, 0.9916, 1.96; 1.95; 1.97; 1.96; 
1.0, 5.0, 2.95, 1.65, 1.5577542809534957, 4, 0.9878, 1.95; 1.96; 1.96; 1.98; 
1.0, 5.0, 3.0, 1.65, 1.5635881840456225, 5, 0.9718, 1.64; 1.62; 1.65; 1.61; 1.64; 
1.0, 5.0, 3.05, 1.65, 1.5697951730238775, 5, 0.9754, 1.62; 1.63; 1.65; 1.63; 1.64; 
1.0, 5.0, 3.1, 1.65, 1.5757833310431857, 5, 0.9819, 1.65; 1.63; 1.64; 1.64; 1.63; 
1.0, 5.0, 3.15, 1.65, 1.5815614414049932, 5, 0.984, 1.64; 1.65; 1.64; 1.63; 1.65; 
1.0, 5.0, 3.2, 1.65, 1.5871454381040415, 5, 0.9909, 1.65; 1.64; 1.64; 1.64; 1.64; 
1.0, 5.0, 3.25, 1.65, 1.592531312728771, 5, 0.9765, 1.65; 1.67; 1.64; 1.63; 1.65; 
1.0, 5.0, 3.3, 1.65, 1.5977421285468068, 5, 0.9894, 1.65; 1.65; 1.66; 1.65; 1.65; 
1.0, 5.0, 3.35, 1.65, 1.6027751502642942, 5, 0.9902, 1.66; 1.66; 1.65; 1.65; 1.65; 
1.0, 5.0, 3.4, 1.65, 1.6076392533835948, 5, 0.9912, 1.66; 1.65; 1.66; 1.65; 1.66; 
1.0, 5.0, 3.45, 1.65, 1.61234476813264, 5, 0.9956, 1.67; 1.66; 1.66; 1.66; 1.66; 
1.0, 5.0, 3.5, 1.65, 1.6168933001112271, 5, 0.9859, 1.66; 1.66; 1.68; 1.66; 1.66; 
1.0, 5.0, 3.55, 1.65, 1.621402406419147, 6, 0.9652, 1.41; 1.44; 1.43; 1.41; 1.43; 1.43; 
1.0, 5.0, 3.6, 1.65, 1.6261226854220148, 6, 0.9856, 1.43; 1.43; 1.42; 1.43; 1.42; 1.42; 
1.0, 5.0, 3.65, 1.65, 1.6306895085723085, 6, 0.9808, 1.43; 1.42; 1.44; 1.43; 1.42; 1.44; 
1.0, 5.0, 3.7, 1.65, 1.635111757891647, 6, 0.9647, 1.42; 1.45; 1.42; 1.45; 1.44; 1.42; 
1.0, 5.0, 3.75, 1.65, 1.6394060537593727, 6, 0.9743, 1.44; 1.43; 1.45; 1.43; 1.43; 1.43; 
1.0, 5.0, 3.8, 1.65, 1.6435640729473002, 6, 0.9802, 1.44; 1.44; 1.43; 1.43; 1.45; 1.44; 
1.0, 5.0, 3.85, 1.65, 1.6475936879235786, 6, 0.9625, 1.46; 1.43; 1.44; 1.46; 1.43; 1.43; 
1.0, 5.0, 3.9, 1.65, 1.651508896463704, 6, 0.9798, 1.45; 1.43; 1.45; 1.44; 1.45; 1.45; 
1.0, 5.0, 3.95, 1.65, 1.6553025078275176, 6, 0.9695, 1.45; 1.45; 1.43; 1.45; 1.44; 1.46; 
1.0, 5.0, 4.0, 1.65, 1.6590985611186335, 7, 0.963, 1.28; 1.28; 1.26; 1.26; 1.26; 1.26; 1.26; 
1.0, 5.0, 4.05, 1.65, 1.6629606060515427, 7, 0.963, 1.28; 1.28; 1.28; 1.26; 1.26; 1.26; 1.26; 
1.0, 5.0, 4.1, 1.65, 1.6667122902127551, 7, 0.963, 1.28; 1.28; 1.28; 1.28; 1.26; 1.26; 1.26; 
1.0, 5.0, 4.15, 1.65, 1.670357757055576, 7, 0.963, 1.28; 1.28; 1.28; 1.28; 1.28; 1.26; 1.26; 
1.0, 5.0, 4.2, 1.65, 1.673888077060946, 7, 0.9267, 1.26; 1.26; 1.3; 1.26; 1.28; 1.3; 1.29; 
1.0, 5.0, 4.25, 1.65, 1.6773392924052937, 7, 0.9737, 1.28; 1.27; 1.27; 1.28; 1.28; 1.27; 1.29; 
1.0, 5.0, 4.3, 1.65, 1.6806892199206525, 7, 0.9661, 1.29; 1.27; 1.29; 1.28; 1.27; 1.29; 1.28; 
1.0, 5.0, 4.35, 1.65, 1.6839588367124958, 8, 0.9231, 1.14; 1.14; 1.14; 1.14; 1.14; 1.14; 1.14; 1.12; 
1.0, 5.0, 4.4, 1.65, 1.6873257394410262, 8, 1.0, 1.14; 1.14; 1.14; 1.14; 1.14; 1.14; 1.14; 1.14; 
1.0, 5.0, 4.45, 1.65, 1.6905998330995908, 8, 0.9333, 1.16; 1.14; 1.14; 1.14; 1.14; 1.14; 1.14; 1.14; 
1.0, 5.0, 4.5, 1.65, 1.6937870902586654, 8, 0.9333, 1.16; 1.16; 1.14; 1.14; 1.14; 1.14; 1.14; 1.14; 
1.0, 5.0, 4.55, 1.65, 1.6968905842821318, 8, 0.9333, 1.16; 1.16; 1.16; 1.14; 1.14; 1.14; 1.14; 1.14; 
1.0, 5.0, 4.6, 1.65, 1.6999132683932832, 8, 0.9333, 1.16; 1.16; 1.16; 1.16; 1.14; 1.14; 1.14; 1.14; 
1.0, 5.0, 4.65, 1.65, 1.7028579747435026, 8, 0.9333, 1.16; 1.16; 1.16; 1.16; 1.16; 1.14; 1.14; 1.14; 
1.0, 5.0, 4.7, 1.65, 1.7058548174523445, 9, 0.6666, 1.04; 1.04; 1.04; 1.04; 1.04; 1.04; 1.04; 1.04; 1.02; 
1.0, 5.0, 4.75, 1.65, 1.7087928750920338, 9, 1.0, 1.04; 1.04; 1.04; 1.04; 1.04; 1.04; 1.04; 1.04; 1.04; 
1.0, 5.0, 4.8, 1.65, 1.7116557945727533, 9, 1.0, 1.04; 1.04; 1.04; 1.04; 1.04; 1.04; 1.04; 1.04; 1.04; 
1.0, 5.0, 4.85, 1.65, 1.7144460271350281, 9, 0.8, 1.06; 1.04; 1.04; 1.04; 1.04; 1.04; 1.04; 1.04; 1.04; 
1.0, 5.0, 4.9, 1.65, 1.717167352085113, 9, 0.8, 1.06; 1.06; 1.04; 1.04; 1.04; 1.04; 1.04; 1.04; 1.04; 
1.0, 5.0, 4.95, 1.65, 1.719822304482546, 9, 0.8, 1.06; 1.06; 1.06; 1.06; 1.04; 1.04; 1.04; 1.04; 1.04; 
1.0, 5.0, 5.0, 1.65, 1.7224130971493237, 9, 0.8, 1.06; 1.06; 1.06; 1.06; 1.06; 1.04; 1.04; 1.04; 1.04; 
1.0, 5.0, 5.05, 1.65, 1.7249416514035323, 9, 0.8, 1.06; 1.06; 1.06; 1.06; 1.06; 1.06; 1.04; 1.04; 1.04; 
