MaxBenefit, x0, sigma, MassLoss, GrowthRate, OffspringNum, Symmetry, OffspringSet, dummy
1.0, 5.0, 0.1, 1.6, 1.0012849247788074, 13, 0.7122, 4.61; 4.6; 4.61; 4.31; 4.6; 4.7; 4.72; 4.61; 4.61; 4.73; 4.61; 4.61; 3.06; 
1.0, 5.0, 0.15, 1.6, 1.0072372054657501, 13, 0.9325, 4.15; 4.49; 4.49; 4.59; 4.59; 4.61; 4.5; 4.5; 4.5; 4.5; 4.49; 4.49; 4.5; 
1.0, 5.0, 0.2, 1.6, 1.013099982345882, 13, 0.9976, 4.46; 4.46; 4.47; 4.46; 4.46; 4.46; 4.46; 4.47; 4.46; 4.47; 4.46; 4.46; 4.46; 
1.0, 5.0, 0.25, 1.6, 1.018866453971802, 13, 0.9972, 4.34; 4.33; 4.32; 4.32; 4.33; 4.33; 4.33; 4.33; 4.32; 4.34; 4.33; 4.33; 4.33; 
1.0, 5.0, 0.3, 1.6, 1.0247882114987883, 14, 0.9916, 4.19; 4.15; 4.2; 4.15; 4.15; 4.19; 4.14; 4.2; 4.19; 4.19; 4.16; 4.16; 4.16; 4.16; 
1.0, 5.0, 0.35, 1.6, 1.030600436199681, 13, 0.9974, 4.07; 4.08; 4.08; 4.07; 4.07; 4.08; 4.07; 4.07; 4.08; 4.07; 4.07; 4.07; 4.08; 
1.0, 5.0, 0.4, 1.6, 1.0367677312864223, 11, 0.9971, 3.97; 3.97; 3.96; 3.98; 3.97; 3.98; 3.97; 3.97; 3.97; 3.97; 3.97; 
1.0, 5.0, 0.45, 1.6, 1.0433200471556985, 10, 0.9974, 3.86; 3.87; 3.86; 3.87; 3.86; 3.85; 3.86; 3.87; 3.87; 3.87; 
1.0, 5.0, 0.5, 1.6, 1.0502921239952405, 8, 0.997, 3.78; 3.8; 3.79; 3.79; 3.79; 3.79; 3.79; 3.78; 
1.0, 5.0, 0.55, 1.6, 1.0576468215995232, 7, 0.9973, 3.7; 3.69; 3.7; 3.69; 3.7; 3.7; 3.71; 
1.0, 5.0, 0.6, 1.6, 1.065526807382573, 7, 0.9977, 3.59; 3.6; 3.59; 3.6; 3.59; 3.59; 3.59; 
1.0, 5.0, 0.65, 1.6, 1.0737847219281704, 6, 0.9976, 3.53; 3.53; 3.53; 3.53; 3.53; 3.52; 
1.0, 5.0, 0.7, 1.6, 1.0824263673747962, 6, 0.9968, 3.43; 3.42; 3.42; 3.41; 3.41; 3.43; 
1.0, 5.0, 0.75, 1.6, 1.091635378145694, 5, 0.9968, 3.36; 3.37; 3.37; 3.38; 3.38; 
1.0, 5.0, 0.8, 1.6, 1.1012783926001437, 5, 0.9974, 3.27; 3.28; 3.28; 3.27; 3.28; 
1.0, 5.0, 0.85, 1.6, 1.1110826124407591, 5, 0.9979, 3.18; 3.18; 3.18; 3.19; 3.18; 
1.0, 5.0, 0.9, 1.6, 1.12210031555108, 4, 0.996, 3.17; 3.16; 3.16; 3.18; 
1.0, 5.0, 0.95, 1.6, 1.1333495388878876, 4, 0.9967, 3.08; 3.09; 3.07; 3.07; 
1.0, 5.0, 1.0, 1.6, 1.1447980801169613, 4, 0.9978, 2.99; 2.99; 2.99; 3.0; 
1.0, 5.0, 1.05, 1.6, 1.1566695264606834, 3, 0.9971, 3.03; 3.03; 3.04; 
1.0, 5.0, 1.1, 1.6, 1.1705227840059864, 3, 0.9996, 2.96; 2.97; 2.97; 
1.0, 5.0, 1.15, 1.6, 1.1846385245219002, 3, 0.9977, 2.89; 2.88; 2.89; 
1.0, 5.0, 1.2, 1.6, 1.1990185855074964, 3, 0.9982, 2.8; 2.81; 2.81; 
1.0, 5.0, 1.25, 1.6, 1.2136584034830724, 3, 0.9939, 2.75; 2.73; 2.73; 
1.0, 5.0, 1.3, 1.6, 1.228540358760363, 3, 0.9972, 2.67; 2.66; 2.67; 
1.0, 5.0, 1.35, 1.6, 1.2435973095144246, 3, 0.9941, 2.6; 2.61; 2.62; 
1.0, 5.0, 1.4, 1.6, 1.2587399707992093, 3, 0.9983, 2.56; 2.56; 2.56; 
1.0, 5.0, 1.45, 1.6, 1.2738331136726049, 3, 0.9947, 2.53; 2.53; 2.51; 
1.0, 5.0, 1.5, 1.6, 1.2887616676655966, 3, 0.9956, 2.5; 2.48; 2.49; 
1.0, 5.0, 1.55, 1.6, 1.3034148072766154, 3, 0.9983, 2.46; 2.46; 2.46; 
1.0, 5.0, 1.6, 1.6, 1.3177028675800782, 3, 0.9985, 2.44; 2.45; 2.45; 
1.0, 5.0, 1.65, 1.6, 1.3315701247635232, 3, 0.9943, 2.44; 2.43; 2.42; 
1.0, 5.0, 1.7, 1.6, 1.3449778386095619, 3, 0.9949, 2.42; 2.41; 2.41; 
1.0, 5.0, 1.75, 1.6, 1.3578966640810592, 3, 0.9917, 2.42; 2.4; 2.41; 
1.0, 5.0, 1.8, 1.6, 1.3703219138324347, 3, 0.9983, 2.4; 2.4; 2.4; 
1.0, 5.0, 1.85, 1.6, 1.3822478769948043, 3, 0.995, 2.4; 2.39; 2.41; 
1.0, 5.0, 1.9, 1.6, 1.393675952414394, 3, 0.9959, 2.4; 2.39; 2.4; 
1.0, 5.0, 1.95, 1.6, 1.4046168028012276, 3, 0.995, 2.39; 2.4; 2.4; 
1.0, 5.0, 2.0, 1.6, 1.415086968440923, 3, 0.9981, 2.39; 2.39; 2.39; 
1.0, 5.0, 2.05, 1.6, 1.4250930617224378, 3, 0.9943, 2.4; 2.4; 2.39; 
1.0, 5.0, 2.1, 1.6, 1.4346585854975644, 3, 0.9917, 2.41; 2.39; 2.39; 
1.0, 5.0, 2.15, 1.6, 1.4438028777443734, 3, 0.996, 2.39; 2.39; 2.4; 
1.0, 5.0, 2.2, 1.6, 1.452538569057097, 3, 0.9938, 2.41; 2.4; 2.39; 
1.0, 5.0, 2.25, 1.6, 1.4608908228353452, 3, 0.9982, 2.4; 2.4; 2.4; 
1.0, 5.0, 2.3, 1.6, 1.468871177232188, 3, 0.9966, 2.4; 2.41; 2.4; 
1.0, 5.0, 2.35, 1.6, 1.477729573994866, 4, 0.9928, 1.94; 1.93; 1.94; 1.93; 
1.0, 5.0, 2.4, 1.6, 1.4866594925916803, 4, 0.9864, 1.95; 1.94; 1.92; 1.93; 
1.0, 5.0, 2.45, 1.6, 1.49524506218598, 4, 0.9863, 1.95; 1.94; 1.92; 1.94; 
1.0, 5.0, 2.5, 1.6, 1.5034970237188716, 4, 0.9928, 1.95; 1.93; 1.94; 1.93; 
1.0, 5.0, 2.55, 1.6, 1.5114262960140352, 4, 0.9895, 1.93; 1.94; 1.93; 1.95; 
1.0, 5.0, 2.6, 1.6, 1.5190503637179904, 4, 0.9953, 1.94; 1.94; 1.93; 1.94; 
1.0, 5.0, 2.65, 1.6, 1.526373055497075, 4, 0.9895, 1.94; 1.93; 1.95; 1.95; 
1.0, 5.0, 2.7, 1.6, 1.5334181359046726, 4, 0.994, 1.95; 1.94; 1.95; 1.95; 
1.0, 5.0, 2.75, 1.6, 1.5401896170776324, 4, 0.9906, 1.95; 1.96; 1.95; 1.94; 
1.0, 5.0, 2.8, 1.6, 1.546701427873594, 4, 0.989, 1.96; 1.94; 1.95; 1.95; 
1.0, 5.0, 2.85, 1.6, 1.5529690133430476, 4, 0.9917, 1.96; 1.96; 1.95; 1.96; 
1.0, 5.0, 2.9, 1.6, 1.558996167693401, 4, 0.9825, 1.96; 1.96; 1.98; 1.94; 
1.0, 5.0, 2.95, 1.6, 1.5648065483759646, 4, 0.9945, 1.97; 1.97; 1.96; 1.96; 
1.0, 5.0, 3.0, 1.6, 1.570391823780652, 4, 0.9857, 1.98; 1.95; 1.98; 1.95; 
1.0, 5.0, 3.05, 1.6, 1.5758768544374244, 5, 0.992, 1.64; 1.63; 1.64; 1.64; 1.63; 
1.0, 5.0, 3.1, 1.6, 1.5818577164771428, 5, 0.9853, 1.63; 1.65; 1.64; 1.64; 1.64; 
1.0, 5.0, 3.15, 1.6, 1.587625746205418, 5, 0.9826, 1.64; 1.64; 1.66; 1.64; 1.63; 
1.0, 5.0, 3.2, 1.6, 1.5931984711096003, 5, 0.9846, 1.65; 1.64; 1.64; 1.66; 1.64; 
1.0, 5.0, 3.25, 1.6, 1.5985797617655342, 5, 0.9873, 1.65; 1.64; 1.65; 1.65; 1.64; 
1.0, 5.0, 3.3, 1.6, 1.6037755506968336, 5, 0.9782, 1.65; 1.67; 1.64; 1.64; 1.65; 
1.0, 5.0, 3.35, 1.6, 1.6087994258971459, 5, 0.9895, 1.66; 1.66; 1.66; 1.65; 1.65; 
1.0, 5.0, 3.4, 1.6, 1.6136526139180551, 5, 0.9869, 1.65; 1.65; 1.66; 1.67; 1.65; 
1.0, 5.0, 3.45, 1.6, 1.6183459590774514, 5, 0.9888, 1.67; 1.66; 1.67; 1.66; 1.66; 
1.0, 5.0, 3.5, 1.6, 1.622882571060789, 5, 0.986, 1.67; 1.66; 1.66; 1.66; 1.67; 
1.0, 5.0, 3.55, 1.6, 1.6272756569508586, 5, 0.9885, 1.66; 1.67; 1.67; 1.67; 1.67; 
1.0, 5.0, 3.6, 1.6, 1.6315250519035973, 5, 0.9914, 1.67; 1.66; 1.68; 1.68; 1.67; 
1.0, 5.0, 3.65, 1.6, 1.6360459170879929, 6, 0.9775, 1.44; 1.42; 1.43; 1.42; 1.44; 1.42; 
1.0, 5.0, 3.7, 1.6, 1.6404619358605532, 6, 0.9811, 1.43; 1.42; 1.44; 1.43; 1.43; 1.44; 
1.0, 5.0, 3.75, 1.6, 1.6447400937739336, 6, 0.9678, 1.45; 1.44; 1.44; 1.44; 1.42; 1.43; 
1.0, 5.0, 3.8, 1.6, 1.6488875890188726, 6, 0.9572, 1.46; 1.45; 1.43; 1.44; 1.44; 1.42; 
1.0, 5.0, 3.85, 1.6, 1.652913348320463, 6, 0.9748, 1.45; 1.44; 1.43; 1.44; 1.44; 1.44; 
1.0, 5.0, 3.9, 1.6, 1.6568135849218741, 6, 0.9797, 1.44; 1.44; 1.45; 1.46; 1.45; 1.45; 
1.0, 5.0, 3.95, 1.6, 1.6605967570930367, 6, 0.9693, 1.44; 1.45; 1.44; 1.43; 1.46; 1.46; 
1.0, 5.0, 4.0, 1.6, 1.6642732639797386, 6, 0.9767, 1.44; 1.46; 1.46; 1.45; 1.45; 1.44; 
1.0, 5.0, 4.05, 1.6, 1.667837963751074, 6, 0.9716, 1.46; 1.45; 1.45; 1.44; 1.45; 1.47; 
1.0, 5.0, 4.1, 1.6, 1.6715590297574474, 7, 0.963, 1.28; 1.28; 1.28; 1.28; 1.26; 1.26; 1.26; 
1.0, 5.0, 4.15, 1.6, 1.6751949561337218, 7, 0.963, 1.28; 1.28; 1.28; 1.28; 1.28; 1.26; 1.26; 
1.0, 5.0, 4.2, 1.6, 1.678728485476042, 7, 0.963, 1.28; 1.28; 1.28; 1.28; 1.28; 1.28; 1.26; 
1.0, 5.0, 4.25, 1.6, 1.682163439000167, 7, 1.0, 1.28; 1.28; 1.28; 1.28; 1.28; 1.28; 1.28; 
1.0, 5.0, 4.3, 1.6, 1.6855021366301668, 7, 1.0, 1.28; 1.28; 1.28; 1.28; 1.28; 1.28; 1.28; 
1.0, 5.0, 4.35, 1.6, 1.6887471907253393, 7, 0.9655, 1.3; 1.28; 1.28; 1.28; 1.28; 1.28; 1.28; 
1.0, 5.0, 4.4, 1.6, 1.691904178975471, 7, 0.9655, 1.3; 1.3; 1.28; 1.28; 1.28; 1.28; 1.28; 
1.0, 5.0, 4.45, 1.6, 1.6950695202561028, 8, 0.9333, 1.16; 1.14; 1.14; 1.14; 1.14; 1.14; 1.14; 1.14; 
1.0, 5.0, 4.5, 1.6, 1.6982479121573624, 8, 0.9333, 1.16; 1.16; 1.14; 1.14; 1.14; 1.14; 1.14; 1.14; 
1.0, 5.0, 4.55, 1.6, 1.7013424561726764, 8, 0.9333, 1.16; 1.16; 1.16; 1.14; 1.14; 1.14; 1.14; 1.14; 
1.0, 5.0, 4.6, 1.6, 1.7043561120445951, 8, 0.9333, 1.16; 1.16; 1.16; 1.16; 1.14; 1.14; 1.14; 1.14; 
1.0, 5.0, 4.65, 1.6, 1.7072917231003704, 8, 0.9333, 1.16; 1.16; 1.16; 1.16; 1.16; 1.14; 1.14; 1.14; 
1.0, 5.0, 4.7, 1.6, 1.710152013457987, 8, 0.9333, 1.16; 1.16; 1.16; 1.16; 1.16; 1.16; 1.14; 1.14; 
1.0, 5.0, 4.75, 1.6, 1.7129685921993065, 9, 1.0, 1.04; 1.04; 1.04; 1.04; 1.04; 1.04; 1.04; 1.04; 1.04; 
1.0, 5.0, 4.8, 1.6, 1.7158239539988447, 9, 1.0, 1.04; 1.04; 1.04; 1.04; 1.04; 1.04; 1.04; 1.04; 1.04; 
1.0, 5.0, 4.85, 1.6, 1.7186058977918637, 9, 0.8, 1.06; 1.04; 1.04; 1.04; 1.04; 1.04; 1.04; 1.04; 1.04; 
1.0, 5.0, 4.9, 1.6, 1.7213188864752507, 9, 0.8, 1.06; 1.06; 1.04; 1.04; 1.04; 1.04; 1.04; 1.04; 1.04; 
1.0, 5.0, 4.95, 1.6, 1.7239652334538147, 9, 0.8, 1.06; 1.06; 1.06; 1.04; 1.04; 1.04; 1.04; 1.04; 1.04; 
1.0, 5.0, 5.0, 1.6, 1.7265471590001331, 9, 0.8, 1.06; 1.06; 1.06; 1.06; 1.04; 1.04; 1.04; 1.04; 1.04; 
1.0, 5.0, 5.05, 1.6, 1.7290669308842195, 9, 0.8, 1.06; 1.06; 1.06; 1.06; 1.06; 1.06; 1.04; 1.04; 1.04; 
