MaxBenefit, x0, sigma, MassLoss, GrowthRate, OffspringNum, Symmetry, OffspringSet, dummy
1.0, 5.0, 0.1, 0.1, 1.029248892767805, 2, 0.9993, 4.71; 4.7; 
1.0, 5.0, 0.15, 0.1, 1.0635668859824077, 2, 0.0095, 1.02; 4.62; 
1.0, 5.0, 0.2, 0.1, 1.1007952672485417, 2, 0.0056, 4.52; 1.01; 
1.0, 5.0, 0.25, 0.1, 1.13706931780672, 2, 0.005, 1.01; 4.49; 
1.0, 5.0, 0.3, 0.1, 1.168054157553501, 2, 0.0063, 1.01; 4.48; 
1.0, 5.0, 0.35, 0.1, 1.1931838004530686, 2, 0.0265, 1.05; 4.46; 
1.0, 5.0, 0.4, 0.1, 1.216314672770363, 2, 0.1312, 4.37; 1.24; 
1.0, 5.0, 0.45, 0.1, 1.239948589562502, 2, 0.2395, 1.45; 4.28; 
1.0, 5.0, 0.5, 0.1, 1.2646602857078162, 2, 0.3502, 1.68; 4.18; 
1.0, 5.0, 0.55, 0.1, 1.29140441880842, 2, 0.5016, 2.01; 4.02; 
1.0, 5.0, 0.6, 0.1, 1.3222844670913858, 2, 0.993, 3.38; 3.35; 
1.0, 5.0, 0.65, 0.1, 1.3595050401506161, 2, 0.9989, 3.34; 3.35; 
1.0, 5.0, 0.7, 0.1, 1.3966216962577542, 2, 0.9968, 3.32; 3.33; 
1.0, 5.0, 0.75, 0.1, 1.4329637957488814, 2, 0.9976, 3.33; 3.32; 
1.0, 5.0, 0.8, 0.1, 1.4679640617753544, 2, 0.992, 3.3; 3.34; 
1.0, 5.0, 0.85, 0.1, 1.501286229212989, 2, 0.997, 3.31; 3.33; 
1.0, 5.0, 0.9, 0.1, 1.532628133306852, 2, 0.9974, 3.31; 3.32; 
1.0, 5.0, 0.95, 0.1, 1.5618708562951413, 2, 0.9976, 3.32; 3.31; 
1.0, 5.0, 1.0, 0.1, 1.5890099380749407, 2, 0.9969, 3.33; 3.31; 
1.0, 5.0, 1.05, 0.1, 1.614069515728588, 2, 0.9953, 3.3; 3.32; 
1.0, 5.0, 1.1, 0.1, 1.637112080988342, 2, 0.9911, 3.3; 3.34; 
1.0, 5.0, 1.15, 0.1, 1.6583548806337656, 2, 0.996, 3.3; 3.32; 
1.0, 5.0, 1.2, 0.1, 1.6778185741893994, 2, 0.995, 3.33; 3.31; 
1.0, 5.0, 1.25, 0.1, 1.695692919523193, 2, 0.9997, 3.31; 3.32; 
1.0, 5.0, 1.3, 0.1, 1.7120800603494115, 2, 0.9986, 3.32; 3.32; 
1.0, 5.0, 1.35, 0.1, 1.7271174337755473, 2, 0.9992, 3.32; 3.32; 
1.0, 5.0, 1.4, 0.1, 1.7409191416953327, 2, 0.9921, 3.3; 3.34; 
1.0, 5.0, 1.45, 0.1, 1.7536527532208144, 2, 0.9991, 3.31; 3.32; 
1.0, 5.0, 1.5, 0.1, 1.7653550062262444, 2, 0.996, 3.33; 3.31; 
1.0, 5.0, 1.55, 0.1, 1.776145556080757, 2, 0.997, 3.33; 3.31; 
1.0, 5.0, 1.6, 0.1, 1.7860992513020584, 2, 0.9974, 3.31; 3.32; 
1.0, 5.0, 1.65, 0.1, 1.7953099896759874, 2, 0.9996, 3.32; 3.32; 
1.0, 5.0, 1.7, 0.1, 1.8038225799166137, 2, 0.9995, 3.33; 3.32; 
1.0, 5.0, 1.75, 0.1, 1.8117179949176712, 2, 0.9998, 3.32; 3.32; 
1.0, 5.0, 1.8, 0.1, 1.8190383043740863, 2, 0.9993, 3.33; 3.33; 
1.0, 5.0, 1.85, 0.1, 1.8258526328961668, 2, 0.9976, 3.33; 3.32; 
1.0, 5.0, 1.9, 0.1, 1.8321696492327044, 2, 0.9918, 3.34; 3.31; 
1.0, 5.0, 1.95, 0.1, 1.8381007237088638, 2, 0.9984, 3.33; 3.33; 
1.0, 5.0, 2.0, 0.1, 1.843615096608803, 2, 0.9979, 3.33; 3.32; 
1.0, 5.0, 2.05, 0.1, 1.8487683306262124, 2, 0.9973, 3.34; 3.32; 
1.0, 5.0, 2.1, 0.1, 1.8535905400705173, 2, 0.9984, 3.33; 3.32; 
1.0, 5.0, 2.15, 0.1, 1.858109253900197, 2, 0.9972, 3.34; 3.33; 
1.0, 5.0, 2.2, 0.1, 1.8623474524951824, 2, 0.9969, 3.34; 3.33; 
1.0, 5.0, 2.25, 0.1, 1.8663260356611904, 2, 0.9964, 3.34; 3.32; 
1.0, 5.0, 2.3, 0.1, 1.8700619925812303, 2, 0.9933, 3.35; 3.32; 
1.0, 5.0, 2.35, 0.1, 1.8735876466614352, 2, 0.9944, 3.32; 3.35; 
1.0, 5.0, 2.4, 0.1, 1.8769131986759229, 2, 0.9983, 3.34; 3.34; 
1.0, 5.0, 2.45, 0.1, 1.880044543895413, 2, 0.9973, 3.33; 3.34; 
1.0, 5.0, 2.5, 0.1, 1.8830027879478695, 2, 0.998, 3.34; 3.33; 
1.0, 5.0, 2.55, 0.1, 1.885802800326545, 2, 0.9997, 3.34; 3.34; 
1.0, 5.0, 2.6, 0.1, 1.8884474625429095, 2, 0.9981, 3.34; 3.35; 
1.0, 5.0, 2.65, 0.1, 1.89095133395986, 2, 0.9999, 3.35; 3.35; 
1.0, 5.0, 2.7, 0.1, 1.8933237184880558, 2, 0.9967, 3.34; 3.35; 
1.0, 5.0, 2.75, 0.1, 1.8955795284615795, 2, 0.9966, 3.34; 3.36; 
1.0, 5.0, 2.8, 0.1, 1.8977222721718672, 2, 0.9995, 3.35; 3.35; 
1.0, 5.0, 2.85, 0.1, 1.899751596647735, 2, 0.997, 3.35; 3.36; 
1.0, 5.0, 2.9, 0.1, 1.9016862373016679, 2, 0.998, 3.34; 3.35; 
1.0, 5.0, 2.95, 0.1, 1.9035308302565168, 2, 0.9984, 3.36; 3.35; 
1.0, 5.0, 3.0, 0.1, 1.9052853671303795, 2, 0.9977, 3.35; 3.36; 
1.0, 5.0, 3.05, 0.1, 1.9069573180601322, 2, 0.9952, 3.35; 3.37; 
1.0, 5.0, 3.1, 0.1, 1.9085555194325963, 2, 0.9978, 3.35; 3.36; 
1.0, 5.0, 3.15, 0.1, 1.9100797840519714, 2, 0.9991, 3.36; 3.35; 
1.0, 5.0, 3.2, 0.1, 1.911536791362427, 2, 0.9993, 3.37; 3.37; 
1.0, 5.0, 3.25, 0.1, 1.9129325157970842, 2, 0.9977, 3.36; 3.37; 
1.0, 5.0, 3.3, 0.1, 1.9142601428700279, 2, 0.9948, 3.38; 3.35; 
1.0, 5.0, 3.35, 0.1, 1.9155359493026394, 2, 0.9998, 3.37; 3.37; 
1.0, 5.0, 3.4, 0.1, 1.916757031231711, 2, 0.9941, 3.38; 3.36; 
1.0, 5.0, 3.45, 0.1, 1.9179302711296926, 2, 0.9944, 3.38; 3.36; 
1.0, 5.0, 3.5, 0.1, 1.9190559716763609, 2, 0.9958, 3.36; 3.38; 
1.0, 5.0, 3.55, 0.1, 1.9201371894717947, 2, 0.9971, 3.38; 3.37; 
1.0, 5.0, 3.6, 0.1, 1.9211746351149754, 2, 0.9995, 3.38; 3.38; 
1.0, 5.0, 3.65, 0.1, 1.9221681186161375, 2, 0.9965, 3.37; 3.39; 
1.0, 5.0, 3.7, 0.1, 1.9231254034787084, 2, 0.9969, 3.39; 3.37; 
1.0, 5.0, 3.75, 0.1, 1.9240465949421193, 2, 0.9976, 3.39; 3.38; 
1.0, 5.0, 3.8, 0.1, 1.9249314387553569, 2, 0.9972, 3.37; 3.39; 
1.0, 5.0, 3.85, 0.1, 1.9257850404277552, 2, 0.9969, 3.39; 3.38; 
1.0, 5.0, 3.9, 0.1, 1.9266084160320398, 2, 0.9983, 3.4; 3.39; 
1.0, 5.0, 3.95, 0.1, 1.9273990938385919, 2, 0.9996, 3.39; 3.4; 
1.0, 5.0, 4.0, 0.1, 1.9281639758776308, 2, 0.9996, 3.39; 3.39; 
1.0, 5.0, 4.05, 0.1, 1.9289018644685663, 2, 0.9973, 3.39; 3.4; 
1.0, 5.0, 4.1, 0.1, 1.9296127093199882, 2, 0.9975, 3.4; 3.39; 
1.0, 5.0, 4.15, 0.1, 1.930299716974881, 2, 0.9985, 3.4; 3.39; 
1.0, 5.0, 4.2, 0.1, 1.9309631444782225, 2, 0.9992, 3.4; 3.41; 
1.0, 5.0, 4.25, 0.1, 1.9316059329461162, 2, 0.9989, 3.4; 3.41; 
1.0, 5.0, 4.3, 0.1, 1.9322255920224953, 2, 0.9973, 3.4; 3.41; 
1.0, 5.0, 4.35, 0.1, 1.9328247824954228, 2, 0.9978, 3.42; 3.41; 
1.0, 5.0, 4.4, 0.1, 1.9334043900524907, 2, 0.9958, 3.4; 3.42; 
1.0, 5.0, 4.45, 0.1, 1.9339667513815715, 2, 0.9981, 3.42; 3.41; 
1.0, 5.0, 4.5, 0.1, 1.9345120303954042, 2, 0.9974, 3.41; 3.42; 
1.0, 5.0, 4.55, 0.1, 1.9350382322014346, 2, 0.9999, 3.42; 3.42; 
1.0, 5.0, 4.6, 0.1, 1.9355499696394514, 2, 0.999, 3.42; 3.43; 
1.0, 5.0, 4.65, 0.1, 1.936045570054445, 2, 0.9998, 3.43; 3.43; 
1.0, 5.0, 4.7, 0.1, 1.9365264127348736, 2, 0.9992, 3.42; 3.43; 
1.0, 5.0, 4.75, 0.1, 1.9369915589077675, 2, 0.9978, 3.42; 3.44; 
1.0, 5.0, 4.8, 0.1, 1.9374449313030295, 2, 0.9987, 3.43; 3.44; 
1.0, 5.0, 4.85, 0.1, 1.9378850081398746, 2, 0.9993, 3.44; 3.44; 
1.0, 5.0, 4.9, 0.1, 1.938309454593076, 2, 0.9939, 3.42; 3.45; 
1.0, 5.0, 4.95, 0.1, 1.9387261608259072, 2, 0.9986, 3.44; 3.44; 
1.0, 5.0, 5.0, 0.1, 1.9391294411151891, 2, 0.9996, 3.44; 3.44; 
1.0, 5.0, 5.05, 0.1, 1.939520904786007, 2, 0.9998, 3.44; 3.44; 
