MaxBenefit, x0, sigma, MassLoss, GrowthRate, OffspringNum, Symmetry, OffspringSet, dummy
1.0, 5.0, 0.1, 1.3, 1.0033076592174552, 13, 0.67, 4.65; 4.66; 4.67; 4.66; 4.66; 4.66; 4.66; 4.65; 4.65; 2.85; 4.66; 4.65; 4.65; 
1.0, 5.0, 0.15, 1.3, 1.0092598877503436, 13, 0.9375, 4.52; 4.53; 4.58; 4.59; 4.52; 4.16; 4.58; 4.52; 4.53; 4.58; 4.53; 4.53; 4.52; 
1.0, 5.0, 0.2, 1.3, 1.0151259820008232, 13, 0.9981, 4.45; 4.45; 4.46; 4.45; 4.45; 4.46; 4.44; 4.45; 4.44; 4.45; 4.45; 4.45; 4.45; 
1.0, 5.0, 0.25, 1.3, 1.0209768472676086, 13, 0.9978, 4.3; 4.32; 4.32; 4.31; 4.31; 4.31; 4.31; 4.31; 4.31; 4.32; 4.31; 4.31; 4.31; 
1.0, 5.0, 0.3, 1.3, 1.0269628641767459, 11, 0.9982, 4.21; 4.2; 4.2; 4.19; 4.2; 4.2; 4.2; 4.2; 4.2; 4.2; 4.2; 
1.0, 5.0, 0.35, 1.3, 1.0334418365452955, 10, 0.999, 4.07; 4.08; 4.08; 4.08; 4.07; 4.07; 4.07; 4.07; 4.08; 4.08; 
1.0, 5.0, 0.4, 1.3, 1.0404874804029376, 8, 0.9977, 3.99; 3.99; 3.98; 3.99; 3.99; 3.99; 3.99; 3.99; 
1.0, 5.0, 0.45, 1.3, 1.0480745112781529, 7, 0.9979, 3.89; 3.88; 3.89; 3.89; 3.89; 3.88; 3.89; 
1.0, 5.0, 0.5, 1.3, 1.056243356944496, 6, 0.9971, 3.81; 3.81; 3.8; 3.81; 3.81; 3.8; 
1.0, 5.0, 0.55, 1.3, 1.064927754745359, 5, 0.9972, 3.74; 3.72; 3.74; 3.74; 3.73; 
1.0, 5.0, 0.6, 1.3, 1.074441265096418, 5, 0.997, 3.63; 3.62; 3.62; 3.61; 3.62; 
1.0, 5.0, 0.65, 1.3, 1.0844479059954968, 4, 0.9993, 3.57; 3.57; 3.57; 3.57; 
1.0, 5.0, 0.7, 1.3, 1.095509421304933, 4, 0.9975, 3.48; 3.47; 3.47; 3.48; 
1.0, 5.0, 0.75, 1.3, 1.1067805903224999, 4, 0.9962, 3.37; 3.39; 3.37; 3.38; 
1.0, 5.0, 0.8, 1.3, 1.11966632218425, 3, 0.9981, 3.38; 3.38; 3.39; 
1.0, 5.0, 0.85, 1.3, 1.1336555686307324, 3, 0.9994, 3.29; 3.28; 3.28; 
1.0, 5.0, 0.9, 1.3, 1.147953096757596, 3, 0.999, 3.21; 3.2; 3.2; 
1.0, 5.0, 0.95, 1.3, 1.1625670193141637, 3, 0.9971, 3.12; 3.11; 3.12; 
1.0, 5.0, 1.0, 1.3, 1.1797876582877054, 2, 0.9973, 3.25; 3.27; 
1.0, 5.0, 1.05, 1.3, 1.1996263832619376, 2, 0.9962, 3.22; 3.24; 
1.0, 5.0, 1.1, 1.3, 1.218912418690092, 2, 0.9956, 3.21; 3.19; 
1.0, 5.0, 1.15, 1.3, 1.2374637487872349, 2, 0.9998, 3.19; 3.19; 
1.0, 5.0, 1.2, 1.3, 1.255173361816977, 2, 0.9996, 3.17; 3.17; 
1.0, 5.0, 1.25, 1.3, 1.271966426956737, 2, 0.9995, 3.16; 3.16; 
1.0, 5.0, 1.3, 1.3, 1.28782381950127, 2, 0.998, 3.15; 3.16; 
1.0, 5.0, 1.35, 1.3, 1.3027657780173976, 2, 0.9987, 3.16; 3.16; 
1.0, 5.0, 1.4, 1.3, 1.3168154859133328, 2, 0.9996, 3.15; 3.15; 
1.0, 5.0, 1.45, 1.3, 1.330003376010759, 2, 0.9995, 3.15; 3.16; 
1.0, 5.0, 1.5, 1.3, 1.3423687659469454, 2, 0.9974, 3.15; 3.16; 
1.0, 5.0, 1.55, 1.3, 1.3556436517999906, 3, 0.9953, 2.43; 2.44; 2.45; 
1.0, 5.0, 1.6, 1.3, 1.3706488778399253, 3, 0.9951, 2.43; 2.42; 2.42; 
1.0, 5.0, 1.65, 1.3, 1.385095270399987, 3, 0.9987, 2.42; 2.42; 2.42; 
1.0, 5.0, 1.7, 1.3, 1.3989648810351074, 3, 0.9955, 2.42; 2.41; 2.41; 
1.0, 5.0, 1.75, 1.3, 1.4122519150573862, 3, 0.9924, 2.42; 2.4; 2.41; 
1.0, 5.0, 1.8, 1.3, 1.4249682607971095, 3, 0.9984, 2.41; 2.41; 2.41; 
1.0, 5.0, 1.85, 1.3, 1.4371103503582083, 3, 0.9933, 2.41; 2.4; 2.41; 
1.0, 5.0, 1.9, 1.3, 1.4487057248063522, 3, 0.9976, 2.41; 2.4; 2.4; 
1.0, 5.0, 1.95, 1.3, 1.459759884531565, 3, 0.9905, 2.4; 2.42; 2.39; 
1.0, 5.0, 2.0, 1.3, 1.4703095981417387, 3, 0.9948, 2.4; 2.41; 2.4; 
1.0, 5.0, 2.05, 1.3, 1.4803605252830292, 3, 0.9947, 2.4; 2.41; 2.42; 
1.0, 5.0, 2.1, 1.3, 1.4899424254310323, 3, 0.9964, 2.41; 2.41; 2.4; 
1.0, 5.0, 2.15, 1.3, 1.4990663496572085, 3, 0.9896, 2.39; 2.42; 2.42; 
1.0, 5.0, 2.2, 1.3, 1.507773549024105, 3, 0.9897, 2.42; 2.43; 2.4; 
1.0, 5.0, 2.25, 1.3, 1.5160750541140895, 3, 0.9924, 2.41; 2.43; 2.42; 
1.0, 5.0, 2.3, 1.3, 1.5239911835877087, 3, 0.9993, 2.42; 2.42; 2.42; 
1.0, 5.0, 2.35, 1.3, 1.531539852362425, 3, 0.9918, 2.41; 2.44; 2.43; 
1.0, 5.0, 2.4, 1.3, 1.5387512092065947, 3, 0.9948, 2.44; 2.43; 2.42; 
1.0, 5.0, 2.45, 1.3, 1.5456303009562387, 3, 0.9941, 2.44; 2.42; 2.44; 
1.0, 5.0, 2.5, 1.3, 1.5522054724082475, 3, 0.9963, 2.43; 2.44; 2.43; 
1.0, 5.0, 2.55, 1.3, 1.558490326457425, 3, 0.9953, 2.44; 2.45; 2.44; 
1.0, 5.0, 2.6, 1.3, 1.5644976613360324, 3, 0.9963, 2.45; 2.44; 2.45; 
1.0, 5.0, 2.65, 1.3, 1.5702932367865876, 4, 0.9826, 1.96; 1.96; 1.93; 1.96; 
1.0, 5.0, 2.7, 1.3, 1.5772896835390662, 4, 0.9841, 1.95; 1.94; 1.96; 1.97; 
1.0, 5.0, 2.75, 1.3, 1.5840051093487935, 4, 0.9833, 1.97; 1.94; 1.95; 1.97; 
1.0, 5.0, 2.8, 1.3, 1.5904619441841716, 4, 0.9937, 1.97; 1.96; 1.96; 1.96; 
1.0, 5.0, 2.85, 1.3, 1.596651447584585, 4, 0.981, 1.95; 1.97; 1.99; 1.95; 
1.0, 5.0, 2.9, 1.3, 1.60261506898425, 4, 0.9929, 1.97; 1.97; 1.96; 1.97; 
1.0, 5.0, 2.95, 1.3, 1.6083407514835275, 4, 0.99, 1.97; 1.98; 1.98; 1.96; 
1.0, 5.0, 3.0, 1.3, 1.6138472202503578, 4, 0.989, 1.97; 1.98; 1.97; 1.99; 
1.0, 5.0, 3.05, 1.3, 1.6191485661924752, 4, 0.988, 1.99; 1.98; 1.99; 1.97; 
1.0, 5.0, 3.1, 1.3, 1.6242500326549272, 4, 0.9881, 1.97; 1.98; 1.99; 1.99; 
1.0, 5.0, 3.15, 1.3, 1.6291611861812876, 4, 0.9852, 1.99; 1.97; 2.0; 1.99; 
1.0, 5.0, 3.2, 1.3, 1.6338992124635876, 4, 0.9983, 1.99; 1.99; 1.99; 1.99; 
1.0, 5.0, 3.25, 1.3, 1.6384518739256442, 4, 0.9837, 2.01; 1.98; 2.01; 1.98; 
1.0, 5.0, 3.3, 1.3, 1.6428489803344646, 4, 0.9823, 1.98; 2.02; 1.99; 2.01; 
1.0, 5.0, 3.35, 1.3, 1.647093570595001, 4, 0.9876, 2.01; 2.0; 1.99; 2.01; 
1.0, 5.0, 3.4, 1.3, 1.6511856819601496, 4, 0.991, 2.01; 2.0; 2.0; 2.01; 
1.0, 5.0, 3.45, 1.3, 1.6552599007595727, 5, 0.9878, 1.67; 1.66; 1.67; 1.67; 1.67; 
1.0, 5.0, 3.5, 1.3, 1.6597238248931454, 5, 0.9838, 1.67; 1.66; 1.68; 1.66; 1.67; 
1.0, 5.0, 3.55, 1.3, 1.6640428790352426, 5, 0.9918, 1.67; 1.67; 1.67; 1.68; 1.67; 
1.0, 5.0, 3.6, 1.3, 1.6682165574778076, 5, 0.9871, 1.67; 1.67; 1.66; 1.68; 1.68; 
1.0, 5.0, 3.65, 1.3, 1.6722513170789597, 5, 0.976, 1.67; 1.69; 1.69; 1.66; 1.67; 
1.0, 5.0, 3.7, 1.3, 1.6761571146063514, 5, 0.9755, 1.68; 1.66; 1.69; 1.7; 1.69; 
1.0, 5.0, 3.75, 1.3, 1.6799406509245673, 5, 0.9877, 1.69; 1.68; 1.68; 1.69; 1.69; 
1.0, 5.0, 3.8, 1.3, 1.6836030417578294, 5, 0.9914, 1.69; 1.68; 1.69; 1.69; 1.7; 
1.0, 5.0, 3.85, 1.3, 1.6871474144867173, 5, 0.9819, 1.7; 1.68; 1.69; 1.69; 1.69; 
1.0, 5.0, 3.9, 1.3, 1.6905846087725087, 5, 0.9894, 1.7; 1.7; 1.69; 1.69; 1.69; 
1.0, 5.0, 3.95, 1.3, 1.6939154972642823, 5, 0.9957, 1.7; 1.7; 1.7; 1.7; 1.7; 
1.0, 5.0, 4.0, 1.3, 1.6971403379383379, 5, 0.9765, 1.69; 1.72; 1.69; 1.71; 1.7; 
1.0, 5.0, 4.05, 1.3, 1.700274314143575, 5, 0.989, 1.7; 1.71; 1.7; 1.7; 1.71; 
1.0, 5.0, 4.1, 1.3, 1.7035931373538076, 6, 0.9818, 1.45; 1.46; 1.46; 1.45; 1.45; 1.47; 
1.0, 5.0, 4.15, 1.3, 1.706887755495166, 6, 0.9712, 1.45; 1.45; 1.47; 1.44; 1.46; 1.47; 
1.0, 5.0, 4.2, 1.3, 1.7100853987615157, 6, 0.9614, 1.46; 1.44; 1.48; 1.46; 1.48; 1.46; 
1.0, 5.0, 4.25, 1.3, 1.7131926683659442, 6, 0.9672, 1.46; 1.46; 1.46; 1.45; 1.49; 1.47; 
1.0, 5.0, 4.3, 1.3, 1.7162076178446601, 6, 0.9567, 1.46; 1.46; 1.44; 1.48; 1.48; 1.48; 
1.0, 5.0, 4.35, 1.3, 1.7191482273076941, 6, 0.9753, 1.47; 1.48; 1.47; 1.46; 1.47; 1.47; 
1.0, 5.0, 4.4, 1.3, 1.7219984593835163, 6, 0.9767, 1.47; 1.46; 1.48; 1.48; 1.48; 1.48; 
1.0, 5.0, 4.45, 1.3, 1.7247686713084098, 6, 0.9767, 1.47; 1.48; 1.49; 1.47; 1.49; 1.48; 
1.0, 5.0, 4.5, 1.3, 1.7274650340245188, 6, 0.9714, 1.47; 1.48; 1.47; 1.48; 1.5; 1.49; 
1.0, 5.0, 4.55, 1.3, 1.7300878651127776, 6, 0.9711, 1.48; 1.48; 1.5; 1.47; 1.5; 1.47; 
1.0, 5.0, 4.6, 1.3, 1.7328130774025112, 7, 0.9655, 1.3; 1.3; 1.3; 1.3; 1.3; 1.28; 1.28; 
1.0, 5.0, 4.65, 1.3, 1.7355138834577346, 7, 0.9655, 1.3; 1.3; 1.3; 1.3; 1.3; 1.3; 1.28; 
1.0, 5.0, 4.7, 1.3, 1.7381437534806046, 7, 1.0, 1.3; 1.3; 1.3; 1.3; 1.3; 1.3; 1.3; 
1.0, 5.0, 4.75, 1.3, 1.7406980066447977, 7, 0.9695, 1.3; 1.3; 1.3; 1.3; 1.29; 1.31; 1.3; 
1.0, 5.0, 4.8, 1.3, 1.7431895166196876, 7, 0.9494, 1.29; 1.32; 1.32; 1.29; 1.32; 1.3; 1.31; 
1.0, 5.0, 4.85, 1.3, 1.7456245959084224, 7, 0.9677, 1.32; 1.32; 1.32; 1.3; 1.3; 1.3; 1.3; 
1.0, 5.0, 4.9, 1.3, 1.7479924411712973, 7, 0.9677, 1.32; 1.32; 1.32; 1.32; 1.3; 1.3; 1.3; 
1.0, 5.0, 4.95, 1.3, 1.7502928093331693, 7, 0.9405, 1.33; 1.29; 1.33; 1.29; 1.32; 1.32; 1.3; 
1.0, 5.0, 5.0, 1.3, 1.7526198421863426, 8, 0.9412, 1.18; 1.18; 1.16; 1.16; 1.16; 1.16; 1.16; 1.16; 
1.0, 5.0, 5.05, 1.3, 1.7549620779461823, 8, 0.9412, 1.18; 1.18; 1.18; 1.16; 1.16; 1.16; 1.16; 1.16; 
